===== BERTS Scores (documents) =====
      precision  recall     f1
0         0.419   0.622  0.512
1         0.337   0.637  0.466
2         0.323   0.539  0.420
3         0.375   0.682  0.508
4         0.299   0.589  0.424
5         0.385   0.616  0.489
6         0.524   0.679  0.597
7         0.318   0.571  0.430
8         0.420   0.611  0.508
9         0.379   0.625  0.489
10        0.445   0.627  0.530
11        0.298   0.541  0.406
12        0.387   0.620  0.492
13        0.327   0.561  0.432
14        0.268   0.483  0.364
15        0.436   0.596  0.511
16        0.297   0.566  0.415
17        0.279   0.550  0.397
18        0.323   0.553  0.426
19        0.310   0.562  0.421
20        0.440   0.648  0.535
21        0.354   0.568  0.451
22        0.332   0.587  0.445
23        0.387   0.618  0.491
24        0.272   0.526  0.384
25        0.373   0.597  0.474
26        0.398   0.682  0.522
27        0.356   0.568  0.452
28        0.337   0.648  0.470
29        0.365   0.601  0.471
30        0.361   0.583  0.461
31        0.403   0.639  0.509
32        0.278   0.539  0.392
33        0.353   0.580  0.455
34        0.401   0.608  0.495
35        0.295   0.601  0.426
36        0.281   0.607  0.419
37        0.338   0.622  0.462
38        0.269   0.560  0.394
39        0.229   0.458  0.331
40        0.342   0.535  0.431
41        0.417   0.673  0.531
42        0.366   0.656  0.493
43        0.335   0.599  0.451
44        0.392   0.632  0.500
45        0.321   0.602  0.443
46        0.296   0.578  0.418
47        0.466   0.642  0.548
48        0.464   0.691  0.567
49        0.298   0.541  0.406
50        0.263   0.535  0.381
51        0.441   0.638  0.532
52        0.481   0.676  0.571
53        0.390   0.665  0.511
54        0.242   0.523  0.363
55        0.339   0.590  0.450
56        0.407   0.625  0.506
57        0.330   0.599  0.448
58        0.320   0.578  0.434
59        0.405   0.666  0.521
60        0.433   0.700  0.551
61        0.326   0.479  0.398
62        0.467   0.619  0.539
63        0.325   0.622  0.453
64        0.410   0.623  0.507
65        0.389   0.646  0.503
66        0.349   0.603  0.461
67        0.340   0.565  0.441
68        0.235   0.531  0.361
69        0.467   0.672  0.561
70        0.326   0.517  0.413
71        0.341   0.643  0.472
72        0.422   0.670  0.533
73        0.447   0.666  0.547
74        0.370   0.542  0.450
75        0.289   0.552  0.404
76        0.303   0.596  0.430
77        0.367   0.610  0.476
78        0.332   0.606  0.452
79        0.381   0.636  0.494
80        0.407   0.615  0.502
81        0.333   0.574  0.440
82        0.467   0.694  0.570
83        0.414   0.637  0.515
84        0.439   0.678  0.546
85        0.367   0.642  0.488
86        0.440   0.614  0.521
87        0.375   0.651  0.496
88        0.271   0.561  0.395
89        0.272   0.492  0.370
90        0.405   0.633  0.508
91        0.441   0.602  0.517
92        0.277   0.578  0.405
93        0.293   0.575  0.415
94        0.328   0.597  0.446
95        0.377   0.585  0.472
96        0.405   0.579  0.486
97        0.368   0.647  0.490
98        0.419   0.662  0.528
99        0.444   0.646  0.537
100       0.367   0.622  0.480
101       0.347   0.559  0.443
102       0.365   0.613  0.476
103       0.440   0.605  0.517
104       0.377   0.606  0.480
105       0.252   0.543  0.377
106       0.381   0.604  0.482
107       0.477   0.644  0.555
108       0.391   0.572  0.475
109       0.343   0.546  0.436
110       0.308   0.532  0.408
111       0.316   0.587  0.434
112       0.335   0.614  0.456
113       0.364   0.603  0.471
114       0.341   0.570  0.444
115       0.340   0.585  0.449
116       0.304   0.598  0.431
117       0.433   0.721  0.560
118       0.516   0.730  0.614
119       0.351   0.551  0.442
120       0.346   0.630  0.470
121       0.344   0.610  0.461
122       0.322   0.628  0.453
123       0.411   0.632  0.511
124       0.438   0.666  0.541
125       0.536   0.691  0.609
126       0.316   0.635  0.452
127       0.357   0.607  0.468
128       0.340   0.577  0.446
129       0.312   0.617  0.443
130       0.514   0.640  0.575
131       0.424   0.623  0.515
132       0.332   0.581  0.442
133       0.493   0.629  0.558
134       0.424   0.582  0.498
135       0.403   0.643  0.511
136       0.341   0.593  0.453
137       0.403   0.638  0.509
138       0.398   0.663  0.515
139       0.400   0.659  0.515
140       0.510   0.632  0.569
141       0.428   0.650  0.529
142       0.362   0.618  0.476
143       0.484   0.683  0.576
144       0.305   0.600  0.432
145       0.422   0.685  0.539
146       0.454   0.620  0.532
147       0.315   0.582  0.432
148       0.481   0.718  0.588
149       0.433   0.612  0.516
150       0.416   0.687  0.536
151       0.303   0.569  0.419
152       0.352   0.583  0.456
153       0.282   0.592  0.414
154       0.473   0.671  0.564
155       0.375   0.598  0.476
156       0.397   0.632  0.503
157       0.316   0.572  0.429
158       0.304   0.576  0.423
159       0.330   0.633  0.461
160       0.441   0.664  0.542
161       0.273   0.558  0.396
162       0.543   0.711  0.622
163       0.353   0.582  0.456
164       0.331   0.625  0.459
165       0.294   0.511  0.392
166       0.384   0.587  0.477
167       0.297   0.595  0.425
168       0.439   0.662  0.540
169       0.413   0.661  0.524
170       0.336   0.604  0.454
171       0.307   0.560  0.419
172       0.378   0.633  0.491
173       0.370   0.527  0.443
174       0.418   0.629  0.514
175       0.370   0.559  0.457
176       0.346   0.618  0.465
177       0.381   0.547  0.458
178       0.386   0.639  0.499
179       0.397   0.604  0.491
180       0.367   0.561  0.456
181       0.407   0.620  0.504
182       0.382   0.636  0.495
183       0.418   0.672  0.531
184       0.496   0.699  0.589
185       0.370   0.600  0.474
186       0.324   0.594  0.442
187       0.402   0.632  0.506
188       0.337   0.588  0.448
189       0.427   0.642  0.525
190       0.333   0.546  0.430
191       0.450   0.653  0.543
192       0.451   0.649  0.542
193       0.370   0.559  0.457
194       0.364   0.577  0.461
195       0.315   0.599  0.439
196       0.412   0.656  0.522
197       0.392   0.672  0.515
198       0.478   0.703  0.581
199       0.436   0.641  0.530
200       0.416   0.653  0.523
201       0.413   0.665  0.526
202       0.340   0.587  0.450
203       0.450   0.677  0.553
204       0.269   0.495  0.369
205       0.304   0.598  0.431
206       0.365   0.581  0.463
207       0.483   0.628  0.552
208       0.345   0.604  0.459
209       0.342   0.639  0.470
210       0.440   0.628  0.527
211       0.335   0.568  0.439
212       0.446   0.648  0.538
213       0.422   0.627  0.516
214       0.454   0.615  0.529
215       0.385   0.585  0.477
216       0.286   0.633  0.431
217       0.309   0.467  0.383
218       0.399   0.658  0.514
219       0.428   0.567  0.494
220       0.375   0.630  0.489
221       0.392   0.677  0.517
222       0.476   0.670  0.566
223       0.293   0.555  0.408
224       0.221   0.551  0.358
225       0.369   0.598  0.472
226       0.252   0.542  0.376
227       0.351   0.608  0.465
228       0.311   0.619  0.443
229       0.393   0.619  0.495
230       0.332   0.605  0.452
231       0.437   0.650  0.534
232       0.385   0.653  0.503
233       0.397   0.609  0.494
234       0.386   0.628  0.494
235       0.380   0.612  0.484
236       0.355   0.622  0.473
237       0.521   0.586  0.554
238       0.413   0.690  0.535
239       0.369   0.652  0.493
240       0.284   0.591  0.415
241       0.300   0.582  0.422
242       0.442   0.578  0.507
243       0.357   0.575  0.456
244       0.413   0.645  0.518
245       0.302   0.566  0.418
246       0.324   0.591  0.441
247       0.308   0.519  0.403
248       0.431   0.616  0.517
249       0.311   0.597  0.435
250       0.395   0.565  0.474
251       0.301   0.603  0.431
252       0.260   0.488  0.362
253       0.318   0.582  0.434
254       0.327   0.558  0.431
255       0.366   0.608  0.474
256       0.409   0.686  0.531
257       0.388   0.608  0.488
258       0.287   0.453  0.364
259       0.463   0.668  0.557
260       0.355   0.599  0.464
261       0.276   0.520  0.384
262       0.455   0.648  0.544
263       0.369   0.610  0.477
264       0.285   0.550  0.401
265       0.296   0.630  0.437
266       0.325   0.559  0.429
267       0.327   0.562  0.432
268       0.461   0.640  0.544
269       0.333   0.597  0.449
270       0.402   0.638  0.508
271       0.419   0.675  0.533
272       0.496   0.680  0.581
273       0.435   0.642  0.530
274       0.277   0.573  0.404
275       0.446   0.650  0.540
276       0.290   0.526  0.395
277       0.375   0.591  0.473
278       0.328   0.555  0.430
279       0.495   0.690  0.585
280       0.330   0.583  0.442
281       0.364   0.561  0.454
282       0.290   0.618  0.428
283       0.457   0.727  0.577
284       0.298   0.582  0.421
285       0.352   0.590  0.458
286       0.398   0.586  0.485
287       0.361   0.591  0.465
288       0.358   0.587  0.461
289       0.429   0.635  0.524
290       0.330   0.561  0.433
291       0.343   0.590  0.453
292       0.473   0.634  0.548
293       0.350   0.600  0.461
294       0.336   0.651  0.471
295       0.449   0.680  0.554
296       0.282   0.535  0.394
297       0.287   0.504  0.384
298       0.459   0.624  0.536
299       0.331   0.594  0.447
300       0.425   0.591  0.503
301       0.314   0.525  0.409
302       0.323   0.571  0.433
303       0.365   0.626  0.480
304       0.369   0.622  0.481
305       0.380   0.573  0.469
306       0.299   0.553  0.411
307       0.364   0.620  0.478
308       0.516   0.718  0.609
309       0.316   0.565  0.427
310       0.350   0.575  0.451
311       0.378   0.554  0.460
312       0.356   0.584  0.458
313       0.369   0.632  0.485
314       0.374   0.660  0.499
315       0.426   0.591  0.503
316       0.337   0.533  0.427
317       0.393   0.631  0.500
318       0.357   0.667  0.491
319       0.265   0.516  0.375
320       0.403   0.597  0.492
321       0.314   0.613  0.443
322       0.484   0.609  0.544
323       0.353   0.645  0.480
324       0.314   0.627  0.447
325       0.409   0.638  0.513
326       0.362   0.567  0.455
327       0.302   0.642  0.445
328       0.246   0.546  0.374
329       0.336   0.582  0.445
330       0.486   0.640  0.558
331       0.383   0.604  0.483
332       0.414   0.597  0.499
333       0.348   0.564  0.445
334       0.329   0.635  0.460
335       0.440   0.638  0.532
336       0.327   0.597  0.445
337       0.328   0.597  0.446
338       0.434   0.654  0.534
339       0.430   0.635  0.524
340       0.391   0.624  0.496
341       0.314   0.570  0.427
342       0.294   0.574  0.415
343       0.348   0.623  0.468
344       0.462   0.685  0.563
345       0.316   0.599  0.439
346       0.468   0.707  0.576
347       0.423   0.648  0.525
348       0.495   0.674  0.578
349       0.396   0.639  0.505
350       0.384   0.599  0.481
351       0.424   0.623  0.515
352       0.293   0.633  0.436
353       0.319   0.505  0.405
354       0.391   0.625  0.496
355       0.393   0.601  0.488
356       0.370   0.632  0.486
357       0.323   0.491  0.401
358       0.394   0.631  0.500
359       0.522   0.676  0.595
360       0.377   0.672  0.506
361       0.409   0.624  0.507
362       0.387   0.607  0.486
363       0.532   0.718  0.618
364       0.347   0.560  0.443
365       0.328   0.581  0.440
366       0.393   0.511  0.450
367       0.368   0.602  0.473
368       0.367   0.545  0.449
369       0.393   0.601  0.488
370       0.374   0.594  0.474
371       0.378   0.600  0.478
372       0.341   0.523  0.425
373       0.383   0.619  0.489
374       0.491   0.680  0.579
375       0.344   0.573  0.447
376       0.393   0.597  0.486
377       0.359   0.602  0.468
378       0.393   0.600  0.488
379       0.365   0.616  0.477
380       0.412   0.679  0.531
381       0.331   0.590  0.445
382       0.299   0.577  0.420
383       0.283   0.545  0.397
384       0.326   0.596  0.445
385       0.280   0.552  0.398
386       0.356   0.621  0.473
387       0.327   0.579  0.438
388       0.399   0.616  0.497
389       0.426   0.674  0.537
390       0.402   0.636  0.507
391       0.429   0.651  0.530
392       0.343   0.576  0.447
393       0.201   0.507  0.330
394       0.417   0.667  0.529
395       0.401   0.661  0.517
396       0.404   0.633  0.507
397       0.440   0.548  0.492
398       0.357   0.557  0.448
399       0.408   0.632  0.509
400       0.299   0.592  0.425
401       0.395   0.613  0.494
402       0.335   0.693  0.485
403       0.424   0.641  0.523
404       0.345   0.574  0.448
405       0.318   0.559  0.425
406       0.464   0.730  0.582
407       0.371   0.582  0.467
408       0.306   0.568  0.421
409       0.364   0.664  0.494
410       0.518   0.667  0.589
411       0.445   0.676  0.549
412       0.362   0.618  0.475
413       0.490   0.641  0.561
414       0.329   0.611  0.452
415       0.372   0.577  0.465
416       0.499   0.713  0.597
417       0.427   0.611  0.513
418       0.351   0.543  0.439
419       0.454   0.644  0.542
420       0.388   0.573  0.473
421       0.405   0.650  0.514
422       0.430   0.631  0.522
423       0.353   0.602  0.463
424       0.511   0.661  0.582
425       0.327   0.632  0.458
426       0.340   0.639  0.469
427       0.373   0.619  0.483
428       0.433   0.652  0.533
429       0.513   0.707  0.603
430       0.502   0.693  0.591
431       0.484   0.656  0.564
432       0.300   0.508  0.394
433       0.419   0.597  0.502
434       0.323   0.546  0.423
435       0.479   0.587  0.532
436       0.482   0.641  0.557
437       0.360   0.667  0.493
438       0.370   0.617  0.480
439       0.451   0.619  0.529
440       0.389   0.625  0.495
441       0.287   0.616  0.426
442       0.344   0.576  0.448
443       0.386   0.597  0.482
444       0.398   0.547  0.468
445       0.451   0.607  0.525
446       0.336   0.599  0.452
447       0.445   0.675  0.549
448       0.301   0.496  0.390
449       0.529   0.679  0.600
450       0.309   0.578  0.427
451       0.490   0.596  0.542
452       0.285   0.610  0.423
453       0.376   0.558  0.460
454       0.346   0.587  0.453
455       0.307   0.551  0.415
456       0.487   0.692  0.581
457       0.356   0.599  0.464
458       0.392   0.598  0.486
459       0.285   0.572  0.409
460       0.331   0.482  0.402
461       0.331   0.613  0.454
462       0.302   0.582  0.423
463       0.297   0.610  0.430
464       0.330   0.620  0.456
465       0.446   0.672  0.549
466       0.360   0.634  0.480
467       0.389   0.580  0.477
468       0.371   0.646  0.492
469       0.298   0.575  0.418
470       0.315   0.580  0.431
471       0.407   0.601  0.497
472       0.410   0.679  0.529
473       0.343   0.556  0.439
474       0.411   0.649  0.518
475       0.387   0.638  0.499
476       0.358   0.602  0.467
477       0.449   0.650  0.542
478       0.320   0.601  0.442
479       0.375   0.581  0.469
480       0.299   0.568  0.416
481       0.459   0.623  0.536
482       0.396   0.631  0.502
483       0.241   0.582  0.383
484       0.329   0.563  0.433
485       0.370   0.593  0.471
486       0.371   0.602  0.475
487       0.368   0.598  0.471
488       0.371   0.594  0.472
489       0.498   0.759  0.615
490       0.365   0.603  0.471
491       0.386   0.633  0.496
492       0.229   0.466  0.334
493       0.392   0.655  0.509
494       0.346   0.572  0.448
495       0.360   0.608  0.471
496       0.312   0.591  0.433
497       0.292   0.546  0.403
498       0.349   0.591  0.457
499       0.299   0.560  0.414
500       0.361   0.629  0.479
501       0.307   0.461  0.379
502       0.366   0.654  0.492
503       0.312   0.553  0.419
504       0.379   0.583  0.472
505       0.265   0.434  0.343
506       0.305   0.538  0.409
507       0.473   0.594  0.531
508       0.382   0.600  0.481
509       0.324   0.560  0.430
510       0.289   0.581  0.415
511       0.324   0.594  0.442
512       0.369   0.579  0.465
513       0.332   0.569  0.438
514       0.364   0.608  0.473
515       0.405   0.655  0.517
516       0.379   0.628  0.490
517       0.428   0.715  0.555
518       0.349   0.606  0.463
519       0.319   0.579  0.433
520       0.318   0.615  0.446
521       0.360   0.623  0.476
522       0.337   0.604  0.454
523       0.475   0.706  0.580
524       0.282   0.570  0.406
525       0.319   0.539  0.418
526       0.402   0.590  0.489
527       0.365   0.673  0.498
528       0.414   0.622  0.509
529       0.360   0.673  0.495
530       0.516   0.711  0.606
531       0.402   0.560  0.476
532       0.343   0.546  0.436
533       0.350   0.528  0.432
534       0.319   0.567  0.429
535       0.328   0.571  0.436
536       0.396   0.642  0.506
537       0.387   0.632  0.496
538       0.309   0.621  0.443
539       0.431   0.678  0.542
540       0.344   0.623  0.466
541       0.261   0.532  0.379
542       0.413   0.671  0.528
543       0.295   0.603  0.427
544       0.352   0.633  0.475
545       0.394   0.625  0.498
546       0.329   0.597  0.447
547       0.307   0.527  0.406
548       0.286   0.633  0.431
549       0.381   0.584  0.474
550       0.381   0.640  0.496
551       0.301   0.561  0.415
552       0.307   0.533  0.408
553       0.492   0.580  0.535
554       0.252   0.513  0.366
555       0.402   0.662  0.518
556       0.266   0.565  0.394
557       0.335   0.566  0.438
558       0.372   0.617  0.481
559       0.385   0.599  0.482
560       0.432   0.684  0.545
561       0.426   0.677  0.539
562       0.308   0.599  0.434
563       0.349   0.619  0.467
564       0.321   0.590  0.439
565       0.302   0.614  0.435
566       0.364   0.578  0.461
567       0.353   0.632  0.475
568       0.305   0.579  0.424
569       0.382   0.619  0.489
570       0.316   0.609  0.443
571       0.344   0.578  0.449
572       0.286   0.563  0.406
573       0.375   0.642  0.493
574       0.368   0.644  0.489
575       0.406   0.658  0.519
576       0.453   0.651  0.544
577       0.492   0.598  0.543
578       0.413   0.635  0.514
579       0.314   0.550  0.419
580       0.293   0.576  0.415
581       0.343   0.555  0.439
582       0.382   0.620  0.489
583       0.443   0.704  0.559
584       0.467   0.734  0.586
585       0.462   0.652  0.550
586       0.315   0.576  0.430
587       0.476   0.620  0.544
588       0.468   0.708  0.576
589       0.278   0.520  0.385
590       0.353   0.579  0.454
591       0.491   0.766  0.614
592       0.277   0.553  0.396
593       0.438   0.707  0.557
594       0.385   0.592  0.480
595       0.352   0.584  0.456
596       0.344   0.594  0.455
597       0.358   0.568  0.453
598       0.257   0.530  0.375
599       0.378   0.580  0.470
600       0.373   0.675  0.504
601       0.338   0.593  0.451
602       0.351   0.567  0.449
603       0.491   0.538  0.515
604       0.218   0.487  0.334
605       0.388   0.569  0.472
606       0.490   0.682  0.579
607       0.377   0.593  0.475
608       0.372   0.595  0.473
609       0.353   0.598  0.462
610       0.308   0.615  0.440
611       0.388   0.646  0.502
612       0.419   0.636  0.518
613       0.236   0.549  0.368
614       0.372   0.616  0.481
615       0.323   0.547  0.424
616       0.400   0.575  0.481
617       0.401   0.597  0.491
618       0.354   0.508  0.426
619       0.400   0.601  0.492
620       0.306   0.525  0.405
621       0.323   0.560  0.429
622       0.306   0.587  0.428
623       0.372   0.583  0.468
624       0.314   0.606  0.440
625       0.388   0.649  0.504
626       0.376   0.655  0.498
627       0.345   0.592  0.454
628       0.373   0.604  0.477
629       0.359   0.543  0.444
630       0.319   0.579  0.434
631       0.378   0.690  0.513
632       0.328   0.544  0.426
633       0.384   0.616  0.489
634       0.369   0.539  0.448
635       0.493   0.540  0.517
636       0.521   0.735  0.619
637       0.296   0.601  0.427
638       0.386   0.617  0.490
639       0.327   0.583  0.440
640       0.386   0.604  0.485
641       0.428   0.723  0.557
642       0.354   0.600  0.463
643       0.435   0.636  0.527
644       0.352   0.574  0.452
645       0.378   0.669  0.505
646       0.274   0.545  0.392
647       0.391   0.640  0.502
648       0.296   0.627  0.435
649       0.454   0.649  0.544
650       0.420   0.588  0.499
651       0.424   0.648  0.525
652       0.381   0.600  0.480
653       0.338   0.567  0.441
654       0.323   0.546  0.423
655       0.474   0.706  0.579
656       0.343   0.475  0.406
657       0.309   0.542  0.413
658       0.410   0.648  0.517
659       0.387   0.661  0.507
660       0.356   0.540  0.441
661       0.336   0.605  0.454
662       0.401   0.611  0.497
663       0.405   0.624  0.504
664       0.454   0.672  0.553
665       0.385   0.602  0.483
666       0.337   0.509  0.417
667       0.272   0.560  0.396
668       0.335   0.606  0.454
669       0.430   0.674  0.539
670       0.426   0.663  0.533
671       0.329   0.603  0.449
672       0.360   0.616  0.474
673       0.322   0.575  0.434
674       0.391   0.651  0.506
675       0.423   0.621  0.514
676       0.289   0.557  0.406
677       0.386   0.632  0.496
678       0.370   0.567  0.460
679       0.418   0.645  0.520
680       0.313   0.616  0.443
681       0.413   0.607  0.502
682       0.321   0.564  0.429
683       0.421   0.668  0.532
684       0.432   0.606  0.513
685       0.317   0.536  0.416
686       0.260   0.512  0.371
687       0.332   0.568  0.438
688       0.434   0.732  0.564
689       0.340   0.603  0.456
690       0.400   0.603  0.493
691       0.291   0.556  0.407
692       0.383   0.638  0.496
693       0.300   0.583  0.423
694       0.336   0.623  0.460
695       0.390   0.649  0.505
696       0.332   0.605  0.451
697       0.386   0.597  0.482
698       0.403   0.617  0.500
699       0.355   0.537  0.439
700       0.352   0.576  0.453
701       0.192   0.423  0.293
702       0.362   0.570  0.457
703       0.297   0.592  0.424
704       0.424   0.642  0.524
705       0.349   0.626  0.470
706       0.311   0.598  0.435
707       0.603   0.621  0.613
708       0.254   0.561  0.385
709       0.300   0.578  0.421
710       0.314   0.531  0.412
711       0.349   0.592  0.457
712       0.337   0.617  0.459
713       0.306   0.590  0.429
714       0.328   0.545  0.426
715       0.412   0.610  0.503
716       0.363   0.599  0.469
717       0.393   0.583  0.481
718       0.318   0.602  0.441
719       0.349   0.600  0.460
720       0.398   0.591  0.487
721       0.301   0.603  0.431
722       0.389   0.558  0.468
723       0.438   0.603  0.515
724       0.297   0.524  0.399
725       0.370   0.575  0.464
726       0.364   0.627  0.480
727       0.358   0.617  0.472
728       0.413   0.647  0.518
729       0.364   0.617  0.476
730       0.374   0.667  0.502
731       0.401   0.643  0.509
732       0.352   0.581  0.455
733       0.401   0.634  0.506
734       0.335   0.586  0.446
735       0.349   0.580  0.452
736       0.496   0.615  0.554
737       0.592   0.581  0.587
738       0.328   0.606  0.449
739       0.359   0.635  0.480
740       0.419   0.626  0.514
741       0.478   0.749  0.599
742       0.280   0.515  0.384
743       0.574   0.639  0.607
744       0.376   0.568  0.464
745       0.301   0.570  0.419
746       0.307   0.496  0.394
747       0.377   0.618  0.485
748       0.266   0.554  0.390
749       0.359   0.550  0.447
750       0.390   0.637  0.501
751       0.349   0.626  0.470
752       0.350   0.573  0.450
753       0.384   0.594  0.480
754       0.340   0.568  0.443
755       0.408   0.660  0.520
756       0.483   0.679  0.573
757       0.438   0.676  0.545
758       0.368   0.599  0.472
759       0.352   0.603  0.464
760       0.333   0.518  0.418
761       0.383   0.660  0.504
762       0.340   0.560  0.439
763       0.433   0.647  0.531
764       0.384   0.620  0.490
765       0.479   0.661  0.564
766       0.344   0.591  0.454
767       0.298   0.527  0.400
768       0.340   0.623  0.463
769       0.318   0.502  0.403
770       0.423   0.604  0.507
771       0.356   0.621  0.473
772       0.447   0.616  0.526
773       0.412   0.620  0.507
774       0.360   0.642  0.483
775       0.257   0.535  0.377
776       0.354   0.575  0.453
777       0.418   0.639  0.518
778       0.294   0.569  0.414
779       0.368   0.607  0.475
780       0.392   0.598  0.486
781       0.549   0.678  0.611
782       0.334   0.561  0.436
783       0.492   0.680  0.579
784       0.361   0.610  0.472
785       0.391   0.579  0.478
786       0.381   0.598  0.479
787       0.329   0.618  0.454
788       0.483   0.545  0.514
789       0.292   0.557  0.408
790       0.344   0.600  0.457
791       0.412   0.686  0.533
792       0.373   0.635  0.489
793       0.316   0.565  0.427
794       0.378   0.567  0.465
795       0.323   0.539  0.421
796       0.435   0.635  0.527
797       0.293   0.597  0.424
798       0.415   0.679  0.532
799       0.351   0.571  0.450
800       0.349   0.607  0.463
801       0.414   0.623  0.510
802       0.305   0.583  0.426
803       0.363   0.515  0.434
804       0.447   0.679  0.552
805       0.267   0.567  0.395
806       0.592   0.670  0.631
807       0.389   0.615  0.491
808       0.417   0.637  0.517
809       0.328   0.597  0.446
810       0.339   0.630  0.465
811       0.333   0.593  0.448
812       0.235   0.515  0.355
813       0.328   0.562  0.433
814       0.396   0.644  0.507
815       0.368   0.578  0.464
816       0.334   0.606  0.453
817       0.403   0.685  0.527
818       0.376   0.635  0.491
819       0.342   0.617  0.462
820       0.278   0.585  0.409
821       0.317   0.618  0.447
822       0.438   0.634  0.528
823       0.319   0.568  0.429
824       0.374   0.603  0.477
825       0.398   0.532  0.462
826       0.395   0.608  0.492
827       0.329   0.579  0.440
828       0.388   0.597  0.483
829       0.350   0.619  0.468
830       0.409   0.645  0.515
831       0.441   0.661  0.541
832       0.352   0.599  0.462
833       0.400   0.622  0.501
834       0.316   0.599  0.439
835       0.326   0.586  0.441
836       0.491   0.705  0.589
837       0.302   0.586  0.425
838       0.396   0.656  0.512
839       0.375   0.678  0.506
840       0.371   0.528  0.445
841       0.327   0.614  0.452
842       0.336   0.588  0.448
843       0.343   0.548  0.436
844       0.364   0.620  0.478
845       0.379   0.594  0.477
846       0.360   0.638  0.482
847       0.369   0.592  0.470
848       0.354   0.540  0.440
849       0.396   0.675  0.519
850       0.454   0.585  0.516
851       0.466   0.693  0.569
852       0.370   0.628  0.484
853       0.245   0.516  0.363
854       0.358   0.654  0.486
855       0.341   0.616  0.461
856       0.331   0.615  0.455
857       0.426   0.610  0.512
858       0.426   0.663  0.533
859       0.359   0.576  0.457
860       0.384   0.594  0.480
861       0.370   0.578  0.465
862       0.337   0.598  0.452
863       0.384   0.580  0.474
864       0.315   0.572  0.428
865       0.342   0.553  0.437
866       0.416   0.631  0.513
867       0.330   0.673  0.475
868       0.305   0.570  0.421
869       0.342   0.623  0.465
870       0.504   0.615  0.558
871       0.292   0.574  0.414
872       0.365   0.639  0.485
873       0.378   0.581  0.470
874       0.514   0.640  0.575
875       0.377   0.584  0.471
876       0.395   0.648  0.508
877       0.535   0.677  0.603
878       0.362   0.641  0.484
879       0.356   0.585  0.459
880       0.441   0.683  0.550
881       0.313   0.573  0.428
882       0.354   0.584  0.457
883       0.382   0.574  0.470
884       0.375   0.641  0.492
885       0.389   0.619  0.493
886       0.316   0.583  0.433
887       0.380   0.634  0.493
888       0.336   0.608  0.455
889       0.359   0.613  0.471
890       0.272   0.560  0.396
891       0.305   0.598  0.431
892       0.405   0.626  0.505
893       0.411   0.619  0.506
894       0.373   0.632  0.488
895       0.310   0.549  0.416
896       0.339   0.540  0.431
897       0.360   0.648  0.486
898       0.329   0.604  0.449
899       0.355   0.593  0.461
900       0.417   0.617  0.509
901       0.305   0.621  0.440
902       0.263   0.564  0.392
903       0.262   0.522  0.376
904       0.279   0.528  0.389
905       0.412   0.638  0.515
906       0.338   0.600  0.454
907       0.286   0.568  0.408
908       0.471   0.635  0.548
909       0.284   0.592  0.415
910       0.331   0.577  0.441
911       0.390   0.651  0.506
912       0.371   0.653  0.495
913       0.224   0.472  0.333
914       0.321   0.576  0.433
915       0.327   0.595  0.444
916       0.414   0.643  0.518
917       0.342   0.670  0.482
918       0.379   0.650  0.499
919       0.335   0.587  0.446
920       0.399   0.669  0.518
921       0.354   0.607  0.466
922       0.349   0.587  0.455
923       0.343   0.615  0.462
924       0.334   0.573  0.441
925       0.372   0.702  0.513
926       0.448   0.636  0.535
927       0.267   0.552  0.390
928       0.416   0.654  0.523
929       0.330   0.529  0.421
930       0.299   0.564  0.415
931       0.236   0.573  0.376
932       0.313   0.595  0.435
933       0.392   0.645  0.505
934       0.346   0.583  0.452
935       0.307   0.512  0.400
936       0.379   0.617  0.485
937       0.351   0.627  0.472
938       0.319   0.596  0.440
939       0.375   0.635  0.490
940       0.273   0.518  0.381
941       0.323   0.580  0.436
942       0.291   0.482  0.378
943       0.373   0.640  0.491
944       0.444   0.676  0.549
945       0.417   0.592  0.498
946       0.328   0.575  0.438
947       0.429   0.676  0.540
948       0.342   0.615  0.461
949       0.325   0.589  0.441
950       0.384   0.616  0.489
951       0.484   0.698  0.582
952       0.347   0.616  0.465
953       0.322   0.619  0.450
954       0.351   0.584  0.455
955       0.383   0.610  0.485
956       0.471   0.690  0.571
957       0.428   0.633  0.522
958       0.411   0.673  0.527
959       0.465   0.562  0.512
960       0.354   0.622  0.472
961       0.429   0.626  0.520
962       0.385   0.653  0.503
963       0.397   0.615  0.496
964       0.386   0.559  0.466
965       0.419   0.672  0.532
966       0.477   0.610  0.541
967       0.360   0.607  0.470
968       0.405   0.620  0.502
969       0.379   0.612  0.484
970       0.390   0.622  0.495
971       0.393   0.658  0.510
972       0.393   0.615  0.493
973       0.337   0.618  0.460
974       0.320   0.564  0.429
975       0.467   0.668  0.559
976       0.373   0.626  0.485
977       0.393   0.639  0.503
978       0.386   0.590  0.479
979       0.242   0.561  0.376
980       0.264   0.560  0.391
981       0.304   0.565  0.419
982       0.336   0.567  0.439
983       0.348   0.604  0.462
984       0.419   0.642  0.520
985       0.343   0.597  0.455
986       0.271   0.529  0.384
987       0.393   0.591  0.484
988       0.486   0.712  0.589
989       0.393   0.623  0.496
990       0.447   0.660  0.544
991       0.314   0.588  0.433
992       0.330   0.583  0.442
993       0.415   0.604  0.502
994       0.440   0.564  0.499
995       0.348   0.641  0.475
996       0.334   0.616  0.457
997       0.382   0.637  0.495
998       0.431   0.637  0.525
999       0.343   0.655  0.477
1000      0.300   0.604  0.430
1001      0.370   0.644  0.490
1002      0.407   0.655  0.518
1003      0.333   0.594  0.448
1004      0.349   0.602  0.461
1005      0.291   0.575  0.414
1006      0.593   0.763  0.673
1007      0.352   0.573  0.452
1008      0.457   0.652  0.547
1009      0.415   0.622  0.510
1010      0.440   0.583  0.508
1011      0.414   0.646  0.519
1012      0.309   0.572  0.424
1013      0.309   0.593  0.432
1014      0.337   0.596  0.451
1015      0.404   0.579  0.486
1016      0.563   0.583  0.574
1017      0.466   0.653  0.553
1018      0.305   0.577  0.424
1019      0.275   0.566  0.400
1020      0.452   0.616  0.529
1021      0.455   0.581  0.515
1022      0.390   0.675  0.515
1023      0.293   0.548  0.405
1024      0.387   0.655  0.506
1025      0.328   0.599  0.447
1026      0.414   0.627  0.511
1027      0.309   0.567  0.423
1028      0.418   0.636  0.517
1029      0.365   0.689  0.504
1030      0.379   0.575  0.469
1031      0.374   0.604  0.477
1032      0.392   0.592  0.483
1033      0.312   0.548  0.417
1034      0.411   0.655  0.520
1035      0.255   0.546  0.380
1036      0.445   0.717  0.566
1037      0.331   0.617  0.455
1038      0.341   0.533  0.429
1039      0.403   0.629  0.505
1040      0.372   0.602  0.475
1041      0.365   0.634  0.483
1042      0.299   0.617  0.435
1043      0.319   0.613  0.446
1044      0.358   0.587  0.461
1045      0.319   0.594  0.439
1046      0.416   0.613  0.507
1047      0.360   0.654  0.488
1048      0.494   0.685  0.582
1049      0.456   0.592  0.521
1050      0.360   0.619  0.475
1051      0.271   0.609  0.413
1052      0.392   0.595  0.485
1053      0.369   0.580  0.465
1054      0.368   0.554  0.454
1055      0.382   0.637  0.495
1056      0.427   0.681  0.540
1057      0.344   0.572  0.446
1058      0.486   0.666  0.570
1059      0.343   0.637  0.470
1060      0.510   0.702  0.599
1061      0.351   0.569  0.450
1062      0.409   0.660  0.521
1063      0.356   0.552  0.445
1064      0.379   0.616  0.485
1065      0.263   0.587  0.399
1066      0.321   0.544  0.421
1067      0.371   0.648  0.492
1068      0.408   0.682  0.529
1069      0.529   0.661  0.592
1070      0.327   0.577  0.438
1071      0.338   0.588  0.449
1072      0.367   0.629  0.483
1073      0.357   0.521  0.434
1074      0.339   0.613  0.459
1075      0.554   0.614  0.584
1076      0.379   0.628  0.490
1077      0.359   0.617  0.474
1078      0.435   0.612  0.517
1079      0.375   0.626  0.486
1080      0.343   0.597  0.455
1081      0.412   0.615  0.505
1082      0.359   0.606  0.469
1083      0.526   0.634  0.578
1084      0.369   0.653  0.493
1085      0.280   0.528  0.389
1086      0.399   0.638  0.506
1087      0.427   0.618  0.515
1088      0.420   0.622  0.513
1089      0.341   0.658  0.477
1090      0.383   0.599  0.481
1091      0.358   0.602  0.467
1092      0.424   0.711  0.550
1093      0.395   0.596  0.487
1094      0.611   0.812  0.704
1095      0.306   0.578  0.425
1096      0.369   0.656  0.494
1097      0.543   0.758  0.642
1098      0.325   0.569  0.434
1099      0.304   0.596  0.430
1100      0.308   0.586  0.429
1101      0.302   0.543  0.409
1102      0.332   0.573  0.439
1103      0.360   0.621  0.476
1104      0.388   0.651  0.505
1105      0.340   0.592  0.451
1106      0.383   0.622  0.490
1107      0.375   0.614  0.482
1108      0.383   0.578  0.472
1109      0.476   0.659  0.561
1110      0.333   0.600  0.450
1111      0.295   0.521  0.396
1112      0.286   0.548  0.401
1113      0.550   0.682  0.613
1114      0.409   0.637  0.512
1115      0.339   0.581  0.447
1116      0.534   0.707  0.615
1117      0.472   0.650  0.555
1118      0.304   0.575  0.422
1119      0.200   0.477  0.319
1120      0.368   0.619  0.480
1121      0.375   0.609  0.480
1122      0.337   0.509  0.417
1123      0.352   0.569  0.450
1124      0.324   0.547  0.424
1125      0.332   0.577  0.441
1126      0.465   0.704  0.573
1127      0.464   0.614  0.535
1128      0.364   0.600  0.470
1129      0.461   0.728  0.580
1130      0.304   0.544  0.410
1131      0.408   0.669  0.524
1132      0.301   0.599  0.429
1133      0.414   0.602  0.501
1134      0.413   0.640  0.516
1135      0.318   0.613  0.445
1136      0.318   0.606  0.443
1137      0.422   0.651  0.525
1138      0.387   0.650  0.503
1139      0.418   0.678  0.534
1140      0.511   0.646  0.576
1141      0.429   0.690  0.545
1142      0.400   0.618  0.499
1143      0.387   0.622  0.492
1144      0.507   0.625  0.564
1145      0.248   0.543  0.374
1146      0.397   0.660  0.513
1147      0.290   0.604  0.424
1148      0.465   0.688  0.566
1149      0.261   0.499  0.366
1150      0.370   0.636  0.487
1151      0.389   0.619  0.493
1152      0.452   0.660  0.547
1153      0.420   0.678  0.535
1154      0.474   0.612  0.540
1155      0.400   0.613  0.497
1156      0.444   0.644  0.536
1157      0.351   0.632  0.474
1158      0.297   0.501  0.390
1159      0.351   0.619  0.469
1160      0.311   0.564  0.423
1161      0.279   0.544  0.395
1162      0.342   0.673  0.483
1163      0.386   0.568  0.470
1164      0.316   0.635  0.452
1165      0.395   0.584  0.482
1166      0.401   0.640  0.508
1167      0.317   0.591  0.437
1168      0.324   0.529  0.417
1169      0.361   0.641  0.483
1170      0.328   0.563  0.433
1171      0.341   0.562  0.441
1172      0.395   0.625  0.499
1173      0.394   0.627  0.499
1174      0.378   0.654  0.499
1175      0.360   0.632  0.480
1176      0.455   0.708  0.568
1177      0.380   0.634  0.493
1178      0.306   0.560  0.418
1179      0.329   0.541  0.425
1180      0.374   0.584  0.469
1181      0.400   0.567  0.478
1182      0.407   0.648  0.515
1183      0.387   0.654  0.505
1184      0.367   0.566  0.458
1185      0.442   0.634  0.531
1186      0.398   0.577  0.481
1187      0.316   0.568  0.427
1188      0.423   0.647  0.524
1189      0.293   0.577  0.416
1190      0.444   0.642  0.535
1191      0.361   0.564  0.453
1192      0.399   0.634  0.505
1193      0.323   0.586  0.439
1194      0.281   0.509  0.383
1195      0.332   0.551  0.431
1196      0.458   0.647  0.546
1197      0.389   0.550  0.465
1198      0.514   0.688  0.595
1199      0.383   0.660  0.504
1200      0.242   0.542  0.370
1201      0.362   0.646  0.486
1202      0.439   0.695  0.554
1203      0.541   0.691  0.612
1204      0.329   0.570  0.437
1205      0.376   0.508  0.439
1206      0.343   0.442  0.392
1207      0.252   0.473  0.351
1208      0.277   0.573  0.404
1209      0.461   0.641  0.545
1210      0.424   0.631  0.518
1211      0.284   0.563  0.405
1212      0.390   0.664  0.511
1213      0.297   0.629  0.437
1214      0.316   0.580  0.432
1215      0.370   0.595  0.471
1216      0.404   0.597  0.493
1217      0.355   0.611  0.468
1218      0.281   0.608  0.419
1219      0.418   0.725  0.552
1220      0.472   0.650  0.555
1221      0.384   0.665  0.507
1222      0.456   0.687  0.561
1223      0.351   0.624  0.471
1224      0.319   0.613  0.446
1225      0.401   0.636  0.507
1226      0.426   0.650  0.528
1227      0.418   0.665  0.529
1228      0.454   0.661  0.549
1229      0.284   0.561  0.404
1230      0.401   0.627  0.503
1231      0.509   0.654  0.578
1232      0.376   0.630  0.489
1233      0.536   0.691  0.609
1234      0.336   0.640  0.467
1235      0.442   0.693  0.554
1236      0.316   0.608  0.442
1237      0.382   0.545  0.458
1238      0.372   0.606  0.477
1239      0.353   0.595  0.461
1240      0.266   0.530  0.381
1241      0.313   0.597  0.436
1242      0.368   0.632  0.485
1243      0.361   0.619  0.475
1244      0.305   0.584  0.427
1245      0.297   0.567  0.415
1246      0.304   0.598  0.431
1247      0.339   0.617  0.460
1248      0.372   0.629  0.486
1249      0.389   0.572  0.474
1250      0.417   0.643  0.520
1251      0.324   0.594  0.442
1252      0.383   0.632  0.494
1253      0.481   0.704  0.583
1254      0.297   0.552  0.410
1255      0.306   0.618  0.439
1256      0.300   0.590  0.425
1257      0.324   0.598  0.444
1258      0.420   0.546  0.480
1259      0.389   0.609  0.489
1260      0.423   0.611  0.510
1261      0.417   0.699  0.541
1262      0.295   0.561  0.411
1263      0.329   0.569  0.436
1264      0.419   0.684  0.537
1265      0.348   0.605  0.462
1266      0.297   0.599  0.426
1267      0.389   0.631  0.497
1268      0.387   0.660  0.507
1269      0.444   0.651  0.539
1270      0.366   0.604  0.472
1271      0.310   0.580  0.428
1272      0.330   0.625  0.457
1273      0.387   0.605  0.486
1274      0.338   0.631  0.465
1275      0.328   0.590  0.443
1276      0.368   0.636  0.486
1277      0.446   0.701  0.560
1278      0.384   0.693  0.518
1279      0.420   0.596  0.502
1280      0.478   0.685  0.573
1281      0.275   0.560  0.398
1282      0.428   0.667  0.536
1283      0.375   0.563  0.462
1284      0.303   0.572  0.421
1285      0.341   0.607  0.458
1286      0.318   0.601  0.441
1287      0.328   0.568  0.435
1288      0.360   0.599  0.467
1289      0.387   0.658  0.506
1290      0.353   0.585  0.457
1291      0.368   0.562  0.457
1292      0.395   0.614  0.494
1293      0.342   0.588  0.451
1294      0.380   0.608  0.483
1295      0.387   0.594  0.482
1296      0.460   0.636  0.542
1297      0.428   0.637  0.523
1298      0.379   0.564  0.465
1299      0.386   0.610  0.487
1300      0.379   0.564  0.464
1301      0.332   0.554  0.432
1302      0.371   0.617  0.481
1303      0.354   0.619  0.471
1304      0.523   0.690  0.602
1305      0.442   0.631  0.529
1306      0.430   0.690  0.545
1307      0.311   0.594  0.434
1308      0.384   0.629  0.494
1309      0.314   0.587  0.433
1310      0.406   0.646  0.514
1311      0.324   0.593  0.442
1312      0.324   0.554  0.427
1313      0.274   0.533  0.387
1314      0.325   0.641  0.460
1315      0.343   0.545  0.435
1316      0.504   0.682  0.587
1317      0.388   0.596  0.483
1318      0.336   0.595  0.450
1319      0.409   0.612  0.502
1320      0.551   0.641  0.595
1321      0.382   0.661  0.504
1322      0.364   0.610  0.474
1323      0.417   0.681  0.534
1324      0.365   0.628  0.481
1325      0.245   0.470  0.345
1326      0.387   0.598  0.483
1327      0.350   0.563  0.446
1328      0.319   0.604  0.443
1329      0.324   0.592  0.442
1330      0.466   0.726  0.582
1331      0.312   0.563  0.423
1332      0.389   0.609  0.489
1333      0.341   0.591  0.452
1334      0.352   0.598  0.462
1335      0.438   0.607  0.517
1336      0.371   0.578  0.465
1337      0.322   0.565  0.430
1338      0.249   0.564  0.382
1339      0.376   0.624  0.486
1340      0.301   0.580  0.422
1341      0.353   0.617  0.469
1342      0.369   0.578  0.464
1343      0.342   0.581  0.449
1344      0.614   0.758  0.682
1345      0.277   0.585  0.408
1346      0.279   0.542  0.394
1347      0.455   0.581  0.515
1348      0.396   0.549  0.468
1349      0.405   0.638  0.510
1350      0.376   0.572  0.466
1351      0.409   0.631  0.510
1352      0.412   0.588  0.494
1353      0.394   0.638  0.503
1354      0.399   0.661  0.515
1355      0.403   0.679  0.524
1356      0.459   0.623  0.536
1357      0.385   0.648  0.501
1358      0.386   0.601  0.484
1359      0.282   0.533  0.392
1360      0.293   0.483  0.380
1361      0.337   0.580  0.445
1362      0.361   0.598  0.467
1363      0.321   0.581  0.436
1364      0.374   0.581  0.469
1365      0.358   0.602  0.467
1366      0.337   0.574  0.442
1367      0.368   0.608  0.475
1368      0.363   0.638  0.483
1369      0.384   0.593  0.479
1370      0.314   0.556  0.421
1371      0.386   0.601  0.484
1372      0.448   0.652  0.541
1373      0.392   0.573  0.476
1374      0.337   0.547  0.432
1375      0.348   0.580  0.452
1376      0.334   0.650  0.469
1377      0.381   0.650  0.500
1378      0.381   0.615  0.486
1379      0.388   0.654  0.505
1380      0.498   0.641  0.566
1381      0.427   0.656  0.531
1382      0.296   0.532  0.401
1383      0.302   0.583  0.424
1384      0.386   0.617  0.490
1385      0.367   0.658  0.493
1386      0.474   0.697  0.576
1387      0.374   0.554  0.457
1388      0.353   0.578  0.454
1389      0.478   0.621  0.546
1390      0.435   0.695  0.551
1391      0.377   0.606  0.480
1392      0.315   0.630  0.450
1393      0.416   0.585  0.495
1394      0.496   0.718  0.597
1395      0.349   0.616  0.466
1396      0.378   0.651  0.498
1397      0.326   0.565  0.432
1398      0.414   0.577  0.491
1399      0.402   0.647  0.511
1400      0.325   0.591  0.442
1401      0.315   0.555  0.422
1402      0.337   0.577  0.444
1403      0.379   0.575  0.469
1404      0.333   0.606  0.453
1405      0.304   0.530  0.405
1406      0.396   0.652  0.510
1407      0.327   0.579  0.438
1408      0.424   0.658  0.530
1409      0.396   0.562  0.474
1410      0.343   0.611  0.461
1411      0.371   0.594  0.472
1412      0.255   0.518  0.369
1413      0.305   0.558  0.417
1414      0.309   0.537  0.411
1415      0.335   0.579  0.444
1416      0.377   0.602  0.479
1417      0.383   0.548  0.460
1418      0.412   0.607  0.502
1419      0.401   0.646  0.511
1420      0.346   0.636  0.472
1421      0.393   0.621  0.496
1422      0.413   0.680  0.531
1423      0.395   0.605  0.491
1424      0.368   0.605  0.474
1425      0.452   0.698  0.562
1426      0.288   0.578  0.413
1427      0.330   0.587  0.443
1428      0.283   0.572  0.407
1429      0.424   0.703  0.547
1430      0.388   0.688  0.518
1431      0.418   0.616  0.509
1432      0.442   0.693  0.554
1433      0.355   0.645  0.482
1434      0.410   0.645  0.516
1435      0.385   0.599  0.482
1436      0.528   0.517  0.523
1437      0.389   0.658  0.507
1438      0.319   0.586  0.436
1439      0.326   0.558  0.430
1440      0.456   0.685  0.560
1441      0.372   0.650  0.494
1442      0.389   0.548  0.464
1443      0.412   0.651  0.519
1444      0.388   0.552  0.465
1445      0.385   0.601  0.483
1446      0.381   0.597  0.479
1447      0.382   0.580  0.473
1448      0.409   0.593  0.494
1449      0.367   0.617  0.478
1450      0.338   0.619  0.461
1451      0.568   0.679  0.622
1452      0.372   0.702  0.513
1453      0.344   0.600  0.457
1454      0.309   0.582  0.428
1455      0.379   0.633  0.492
1456      0.514   0.729  0.613
1457      0.373   0.571  0.464
1458      0.312   0.596  0.435
1459      0.487   0.586  0.535
1460      0.533   0.573  0.554
1461      0.347   0.590  0.455
1462      0.426   0.595  0.505
1463      0.334   0.607  0.453
1464      0.592   0.755  0.669
1465      0.340   0.567  0.442
1466      0.420   0.639  0.519
1467      0.321   0.603  0.444
1468      0.413   0.604  0.501
1469      0.410   0.602  0.499
1470      0.349   0.635  0.473
1471      0.304   0.557  0.416
1472      0.393   0.598  0.486
1473      0.522   0.605  0.563
1474      0.309   0.540  0.412
1475      0.372   0.569  0.462
1476      0.382   0.637  0.495
1477      0.355   0.586  0.459
1478      0.317   0.544  0.419
1479      0.462   0.761  0.593
1480      0.339   0.585  0.448
1481      0.407   0.633  0.509
1482      0.480   0.634  0.553
1483      0.299   0.595  0.426
1484      0.391   0.588  0.481
1485      0.312   0.597  0.436
1486      0.326   0.543  0.424
1487      0.403   0.659  0.517
1488      0.470   0.706  0.577
1489      0.373   0.635  0.489
1490      0.352   0.569  0.450
1491      0.416   0.633  0.515
1492      0.405   0.661  0.519
1493      0.357   0.606  0.468
1494      0.344   0.585  0.451
1495      0.370   0.625  0.483
1496      0.317   0.643  0.455
1497      0.396   0.619  0.497
1498      0.334   0.630  0.462
1499      0.277   0.561  0.400
1500      0.398   0.640  0.507
1501      0.368   0.621  0.480
1502      0.478   0.696  0.578
1503      0.390   0.583  0.478
1504      0.366   0.596  0.469
1505      0.469   0.714  0.579
1506      0.451   0.674  0.552
1507      0.353   0.643  0.479
1508      0.342   0.621  0.464
1509      0.334   0.648  0.469
1510      0.335   0.614  0.456
1511      0.291   0.611  0.427
1512      0.426   0.566  0.493
1513      0.422   0.647  0.524
1514      0.368   0.614  0.478
1515      0.322   0.586  0.438
1516      0.391   0.550  0.466
1517      0.339   0.549  0.434
1518      0.404   0.631  0.507
1519      0.389   0.534  0.457
1520      0.368   0.578  0.463
1521      0.518   0.724  0.613
1522      0.311   0.588  0.432
1523      0.297   0.557  0.411
1524      0.424   0.640  0.523
1525      0.362   0.611  0.473
1526      0.290   0.554  0.406
1527      0.160   0.434  0.276
1528      0.314   0.562  0.424
1529      0.392   0.621  0.495
1530      0.431   0.634  0.524
1531      0.361   0.591  0.464
1532      0.408   0.638  0.512
1533      0.393   0.677  0.517
1534      0.408   0.625  0.507
1535      0.330   0.586  0.443
1536      0.326   0.591  0.442
1537      0.386   0.626  0.494
1538      0.355   0.650  0.483
1539      0.361   0.562  0.453
1540      0.383   0.598  0.480
1541      0.402   0.585  0.487
1542      0.331   0.573  0.439
1543      0.356   0.608  0.468
1544      0.361   0.571  0.456
1545      0.344   0.579  0.449
1546      0.396   0.635  0.503
1547      0.337   0.612  0.457
1548      0.418   0.646  0.521
1549      0.370   0.598  0.472
1550      0.384   0.639  0.498
1551      0.349   0.607  0.463
1552      0.352   0.600  0.462
1553      0.380   0.650  0.499
1554      0.383   0.601  0.482
1555      0.404   0.593  0.491
1556      0.282   0.550  0.399
1557      0.355   0.594  0.462
1558      0.321   0.602  0.443
1559      0.356   0.617  0.471
1560      0.350   0.581  0.453
1561      0.309   0.528  0.407
1562      0.348   0.627  0.470
1563      0.300   0.582  0.422
1564      0.327   0.528  0.418
1565      0.364   0.615  0.475
1566      0.299   0.549  0.410
1567      0.327   0.610  0.450
1568      0.437   0.635  0.528
1569      0.338   0.561  0.438
1570      0.419   0.641  0.520
1571      0.396   0.640  0.505
1572      0.314   0.590  0.434
1573      0.444   0.610  0.522
1574      0.489   0.703  0.587
1575      0.432   0.522  0.477
1576      0.344   0.567  0.445
1577      0.314   0.614  0.443
1578      0.350   0.587  0.456
1579      0.321   0.548  0.423
1580      0.309   0.569  0.423
1581      0.326   0.598  0.445
1582      0.302   0.610  0.434
1583      0.405   0.613  0.500
1584      0.370   0.619  0.481
1585      0.292   0.566  0.411
1586      0.329   0.581  0.440
1587      0.375   0.643  0.493
1588      0.381   0.625  0.490
1589      0.370   0.607  0.476
1590      0.377   0.669  0.504
1591      0.287   0.597  0.419
1592      0.416   0.623  0.511
1593      0.283   0.550  0.399
1594      0.418   0.659  0.526
1595      0.587   0.668  0.627
1596      0.370   0.618  0.481
1597      0.300   0.596  0.428
1598      0.369   0.636  0.487
1599      0.389   0.645  0.503
1600      0.262   0.519  0.375
1601      0.410   0.653  0.519
1602      0.312   0.545  0.416
1603      0.380   0.611  0.484
1604      0.438   0.665  0.541
1605      0.347   0.600  0.459
1606      0.273   0.601  0.411
1607      0.317   0.556  0.423
1608      0.311   0.648  0.453
1609      0.373   0.640  0.490
1610      0.394   0.682  0.520
1611      0.432   0.656  0.533
1612      0.370   0.619  0.481
1613      0.330   0.615  0.454
1614      0.297   0.610  0.430
1615      0.394   0.621  0.497
1616      0.354   0.578  0.455
1617      0.497   0.624  0.558
1618      0.380   0.593  0.476
1619      0.430   0.664  0.536
1620      0.295   0.616  0.431
1621      0.369   0.606  0.475
1622      0.393   0.629  0.499
1623      0.490   0.600  0.543
1624      0.345   0.620  0.466
1625      0.433   0.547  0.488
1626      0.524   0.711  0.611
1627      0.478   0.693  0.577
1628      0.480   0.637  0.554
1629      0.372   0.527  0.445
1630      0.342   0.631  0.468
1631      0.389   0.565  0.471
1632      0.296   0.515  0.395
1633      0.429   0.616  0.515
1634      0.306   0.578  0.425
1635      0.448   0.624  0.530
1636      0.352   0.602  0.463
1637      0.385   0.613  0.487
1638      0.395   0.573  0.477
1639      0.303   0.576  0.422
1640      0.370   0.634  0.487
1641      0.437   0.583  0.506
1642      0.335   0.590  0.448
1643      0.591   0.712  0.650
1644      0.364   0.607  0.473
1645      0.366   0.581  0.464
1646      0.463   0.689  0.566
1647      0.424   0.614  0.512
1648      0.299   0.691  0.459
1649      0.486   0.682  0.577
1650      0.494   0.698  0.588
1651      0.316   0.587  0.434
1652      0.256   0.556  0.384
1653      0.388   0.621  0.493
1654      0.436   0.715  0.559
1655      0.377   0.616  0.484
1656      0.518   0.635  0.574
1657      0.475   0.673  0.566
1658      0.310   0.533  0.410
1659      0.418   0.657  0.526
1660      0.422   0.721  0.552
1661      0.430   0.605  0.511
1662      0.401   0.599  0.492
1663      0.425   0.665  0.533
1664      0.448   0.595  0.518
1665      0.414   0.630  0.512
1666      0.345   0.591  0.454
1667      0.513   0.660  0.583
1668      0.382   0.666  0.506
1669      0.285   0.592  0.416
1670      0.461   0.668  0.556
1671      0.388   0.645  0.502
1672      0.327   0.596  0.445
1673      0.392   0.586  0.481
1674      0.422   0.643  0.522
1675      0.400   0.656  0.514
1676      0.325   0.530  0.418
1677      0.393   0.589  0.483
1678      0.498   0.717  0.598
1679      0.370   0.652  0.493
1680      0.511   0.680  0.590
1681      0.454   0.641  0.540
1682      0.418   0.656  0.525
1683      0.241   0.045  0.131
1684      0.327   0.557  0.430
1685      0.394   0.654  0.509
1686      0.395   0.669  0.516
1687      0.274   0.555  0.395
1688      0.376   0.696  0.513
1689      0.345   0.607  0.461
1690      0.301   0.608  0.433
1691      0.306   0.567  0.421
1692      0.410   0.536  0.470
1693      0.532   0.699  0.611
1694      0.310   0.594  0.433
1695      0.402   0.629  0.504
1696      0.449   0.651  0.541
1697      0.442   0.624  0.526
1698      0.385   0.618  0.490
1699      0.375   0.643  0.494
1700      0.262   0.566  0.391
1701      0.553   0.742  0.641
1702      0.217   0.456  0.322
1703      0.367   0.591  0.468
1704      0.518   0.754  0.625
1705      0.358   0.597  0.465
1706      0.416   0.602  0.502
1707      0.345   0.605  0.460
1708      0.337   0.497  0.412
1709      0.310   0.549  0.416
1710      0.397   0.615  0.496
1711      0.298   0.558  0.412
1712      0.387   0.585  0.478
1713      0.329   0.622  0.456
1714      0.298   0.586  0.422
1715      0.317   0.618  0.447
1716      0.472   0.712  0.580
1717      0.390   0.715  0.530
1718      0.332   0.501  0.410
1719      0.294   0.566  0.413
1720      0.520   0.623  0.570
1721      0.317   0.565  0.427
1722      0.405   0.596  0.493
1723      0.360   0.582  0.460
1724      0.335   0.585  0.446
1725      0.332   0.561  0.434
1726      0.332   0.595  0.448
1727      0.363   0.668  0.495
1728      0.414   0.656  0.523
1729      0.367   0.603  0.473
1730      0.301   0.581  0.423
1731      0.261   0.595  0.401
1732      0.393   0.656  0.509
1733      0.338   0.614  0.459
1734      0.487   0.586  0.535
1735      0.355   0.606  0.467
1736      0.438   0.667  0.542
1737      0.292   0.608  0.427
1738      0.369   0.581  0.465
1739      0.496   0.702  0.590
1740      0.462   0.631  0.541
1741      0.289   0.536  0.398
1742      0.343   0.518  0.424
1743      0.349   0.625  0.470
1744      0.516   0.636  0.574
1745      0.330   0.566  0.436
1746      0.379   0.633  0.492
1747      0.304   0.598  0.431
1748      0.453   0.652  0.544
1749      0.373   0.617  0.482
1750      0.459   0.678  0.559
1751      0.326   0.621  0.454
1752      0.262   0.541  0.382
1753      0.359   0.602  0.468
1754      0.307   0.589  0.430
1755      0.346   0.538  0.434
1756      0.385   0.618  0.490
1757      0.338   0.624  0.462
1758      0.378   0.629  0.490
1759      0.389   0.630  0.497
1760      0.385   0.642  0.499
1761      0.382   0.526  0.450
1762      0.302   0.583  0.424
1763      0.451   0.692  0.559
1764      0.346   0.583  0.452
1765      0.518   0.618  0.566
1766      0.285   0.571  0.408
1767      0.284   0.529  0.392
1768      0.321   0.565  0.430
1769      0.351   0.577  0.453
1770      0.422   0.621  0.514
1771      0.340   0.587  0.450
1772      0.417   0.684  0.535
1773      0.351   0.536  0.436
1774      0.254   0.535  0.375
1775      0.374   0.624  0.486
1776      0.354   0.617  0.470
1777      0.351   0.588  0.457
1778      0.390   0.637  0.500
1779      0.399   0.627  0.502
1780      0.284   0.513  0.386
1781      0.365   0.616  0.476
1782      0.425   0.687  0.541
1783      0.464   0.669  0.558
1784      0.447   0.499  0.474
1785      0.350   0.622  0.469
1786      0.411   0.648  0.518
1787      0.293   0.500  0.386
1788      0.435   0.662  0.537
1789      0.415   0.645  0.519
1790      0.349   0.539  0.436
1791      0.264   0.541  0.384
1792      0.313   0.568  0.426
1793      0.431   0.666  0.537
1794      0.420   0.624  0.514
1795      0.369   0.594  0.471
1796      0.317   0.589  0.436
1797      0.311   0.583  0.430
1798      0.313   0.569  0.425
1799      0.371   0.597  0.473
1800      0.431   0.634  0.524
1801      0.451   0.652  0.543
1802      0.372   0.658  0.497
1803      0.229   0.482  0.339
1804      0.344   0.508  0.421
1805      0.298   0.560  0.413
1806      0.318   0.600  0.440
1807      0.379   0.616  0.486
1808      0.377   0.539  0.453
1809      0.336   0.566  0.439
1810      0.305   0.612  0.437
1811      0.384   0.613  0.487
1812      0.345   0.581  0.451
1813      0.352   0.601  0.463
1814      0.388   0.632  0.497
1815      0.270   0.553  0.392
1816      0.395   0.581  0.481
1817      0.423   0.648  0.525
1818      0.378   0.617  0.485
1819      0.349   0.579  0.452
1820      0.318   0.620  0.448
1821      0.439   0.686  0.550
1822      0.271   0.561  0.396
1823      0.394   0.620  0.496
1824      0.371   0.630  0.485
1825      0.364   0.596  0.468
1826      0.469   0.653  0.554
1827      0.338   0.591  0.450
1828      0.423   0.653  0.527
1829      0.338   0.605  0.456
1830      0.362   0.656  0.490
1831      0.360   0.564  0.453
1832      0.415   0.598  0.500
1833      0.474   0.693  0.574
1834      0.304   0.558  0.416
1835      0.326   0.619  0.452
1836      0.466   0.626  0.541
1837      0.338   0.582  0.447
1838      0.365   0.624  0.480
1839      0.491   0.656  0.568
1840      0.338   0.634  0.466
1841      0.324   0.567  0.432
1842      0.297   0.559  0.411
1843      0.396   0.588  0.484
1844      0.344   0.588  0.452
1845      0.431   0.700  0.550
1846      0.435   0.738  0.567
1847      0.375   0.611  0.481
1848      0.257   0.552  0.383
1849      0.264   0.551  0.387
1850      0.350   0.641  0.476
1851      0.476   0.671  0.566
1852      0.400   0.616  0.498
1853      0.477   0.712  0.583
1854      0.406   0.633  0.509
1855      0.359   0.619  0.474
1856      0.374   0.602  0.477
1857      0.365   0.596  0.469
1858      0.362   0.593  0.466
1859      0.274   0.520  0.382
1860      0.422   0.638  0.521
1861      0.423   0.588  0.501
1862      0.488   0.625  0.553
1863      0.304   0.606  0.434
1864      0.335   0.606  0.453
1865      0.336   0.596  0.451
1866      0.389   0.633  0.498
1867      0.483   0.615  0.546
1868      0.291   0.616  0.428
1869      0.341   0.587  0.450
1870      0.380   0.668  0.506
1871      0.299   0.589  0.424
1872      0.280   0.543  0.395
1873      0.251   0.498  0.359
1874      0.441   0.680  0.549
1875      0.362   0.598  0.468
1876      0.373   0.615  0.481
1877      0.399   0.658  0.514
1878      0.269   0.526  0.381
1879      0.397   0.692  0.526
1880      0.325   0.565  0.432
1881      0.507   0.692  0.593
1882      0.448   0.617  0.527
1883      0.317   0.604  0.441
1884      0.453   0.679  0.555
1885      0.355   0.533  0.438
1886      0.348   0.581  0.452
1887      0.276   0.530  0.388
1888      0.446   0.640  0.535
1889      0.383   0.611  0.486
1890      0.404   0.628  0.505
1891      0.340   0.575  0.445
1892      0.487   0.688  0.579
1893      0.208   0.530  0.342
1894      0.382   0.627  0.491
1895      0.275   0.568  0.401
1896      0.351   0.537  0.437
1897      0.342   0.543  0.434
1898      0.372   0.639  0.490
1899      0.241   0.505  0.356
1900      0.286   0.575  0.410
1901      0.383   0.639  0.497
1902      0.282   0.601  0.418
1903      0.387   0.615  0.490
1904      0.297   0.508  0.392
1905      0.362   0.623  0.477
1906      0.361   0.639  0.483
1907      0.437   0.541  0.488
1908      0.293   0.548  0.405
1909      0.324   0.589  0.440
1910      0.332   0.533  0.424
1911      0.445   0.566  0.503
1912      0.331   0.606  0.451
1913      0.376   0.554  0.458
1914      0.512   0.714  0.605
1915      0.352   0.552  0.443
1916      0.407   0.640  0.512
1917      0.465   0.696  0.569
1918      0.404   0.621  0.503
1919      0.301   0.601  0.430
1920      0.240   0.506  0.355
1921      0.354   0.586  0.458
1922      0.401   0.653  0.513
1923      0.402   0.601  0.493
1924      0.359   0.607  0.469
1925      0.360   0.627  0.478
1926      0.274   0.597  0.410
1927      0.430   0.635  0.524
1928      0.332   0.591  0.447
1929      0.361   0.609  0.471
1930      0.335   0.615  0.457
1931      0.441   0.633  0.529
1932      0.289   0.570  0.410
1933      0.339   0.602  0.455
1934      0.421   0.665  0.530
1935      0.388   0.568  0.471
1936      0.406   0.633  0.509
1937      0.459   0.646  0.546
1938      0.330   0.571  0.437
1939      0.427   0.685  0.542
1940      0.441   0.703  0.558
1941      0.361   0.601  0.468
1942      0.393   0.625  0.498
1943      0.439   0.645  0.533
1944      0.352   0.636  0.476
1945      0.421   0.576  0.494
1946      0.332   0.551  0.431
1947      0.480   0.719  0.588
1948      0.453   0.694  0.562
1949      0.293   0.635  0.437
1950      0.369   0.591  0.469
1951      0.478   0.664  0.565
1952      0.357   0.573  0.455
1953      0.277   0.606  0.416
1954      0.332   0.548  0.429
1955      0.396   0.618  0.496
1956      0.435   0.649  0.532
1957      0.377   0.661  0.501
1958      0.312   0.516  0.404
1959      0.341   0.542  0.433
1960      0.546   0.625  0.585
1961      0.235   0.544  0.366
1962      0.307   0.555  0.417
1963      0.381   0.593  0.478
1964      0.316   0.621  0.447
1965      0.259   0.470  0.354
1966      0.377   0.644  0.495
1967      0.316   0.546  0.419
1968      0.345   0.604  0.459
1969      0.376   0.560  0.461
1970      0.304   0.573  0.422
1971      0.349   0.586  0.455
1972      0.308   0.561  0.419
1973      0.499   0.640  0.566
1974      0.345   0.571  0.447
1975      0.331   0.581  0.442
1976      0.426   0.684  0.541
1977      0.355   0.593  0.462
1978      0.330   0.612  0.453
1979      0.422   0.647  0.524
1980      0.339   0.584  0.448
1981      0.377   0.652  0.497
1982      0.263   0.613  0.408
1983      0.612   0.681  0.647
1984      0.463   0.656  0.552
1985      0.364   0.648  0.488
1986      0.342   0.630  0.467
1987      0.349   0.588  0.456
1988      0.414   0.631  0.513
1989      0.461   0.660  0.553
1990      0.385   0.632  0.495
1991      0.331   0.627  0.459
1992      0.282   0.532  0.392
1993      0.337   0.588  0.448
1994      0.354   0.609  0.467
1995      0.370   0.607  0.476
1996      0.361   0.572  0.457
1997      0.398   0.623  0.500
1998      0.442   0.688  0.552
1999      0.342   0.596  0.455
2000      0.260   0.566  0.390
2001      0.417   0.671  0.530
2002      0.409   0.678  0.528
2003      0.330   0.586  0.443
2004      0.302   0.564  0.417
2005      0.332   0.579  0.442
2006      0.346   0.585  0.452
2007      0.383   0.695  0.518
2008      0.429   0.630  0.521
2009      0.346   0.632  0.471
2010      0.361   0.631  0.480
2011      0.316   0.489  0.397
2012      0.292   0.566  0.411
2013      0.458   0.679  0.559
2014      0.478   0.696  0.578
2015      0.316   0.532  0.414
2016      0.269   0.483  0.365
2017      0.404   0.608  0.497
2018      0.444   0.645  0.536
2019      0.363   0.547  0.448
2020      0.376   0.627  0.488
2021      0.336   0.581  0.445
2022      0.283   0.564  0.404
2023      0.425   0.612  0.511
2024      0.333   0.581  0.443
2025      0.505   0.772  0.624
2026      0.286   0.580  0.412
2027      0.445   0.655  0.541
2028      0.352   0.608  0.465
2029      0.294   0.554  0.408
2030      0.302   0.641  0.445
2031      0.443   0.601  0.517
2032      0.403   0.631  0.506
2033      0.301   0.561  0.415
2034      0.325   0.650  0.463
2035      0.594   0.622  0.609
2036      0.346   0.636  0.472
2037      0.394   0.625  0.498
2038      0.451   0.623  0.531
2039      0.303   0.548  0.411
2040      0.324   0.585  0.439
2041      0.260   0.554  0.386
2042      0.290   0.545  0.402
2043      0.448   0.645  0.539
2044      0.385   0.665  0.508
2045      0.375   0.570  0.464
2046      0.371   0.625  0.484
2047      0.348   0.622  0.468
2048      0.433   0.599  0.511
2049      0.360   0.607  0.470
2050      0.362   0.607  0.472
2051      0.348   0.512  0.424
2052      0.400   0.645  0.510
2053      0.335   0.573  0.441
2054      0.394   0.653  0.509
2055      0.436   0.641  0.530
2056      0.303   0.592  0.428
2057      0.484   0.656  0.564
2058      0.311   0.544  0.415
2059      0.473   0.616  0.541
2060      0.307   0.576  0.425
2061      0.397   0.622  0.499
2062      0.357   0.573  0.455
2063      0.376   0.597  0.476
2064      0.388   0.612  0.489
2065      0.370   0.670  0.500
2066      0.384   0.610  0.486
2067      0.368   0.632  0.485
2068      0.302   0.574  0.420
2069      0.324   0.597  0.444
2070      0.320   0.594  0.440
2071      0.451   0.693  0.560
2072      0.399   0.613  0.496
2073      0.434   0.650  0.532
2074      0.395   0.650  0.509
2075      0.415   0.637  0.516
2076      0.404   0.592  0.491
2077      0.267   0.576  0.398
2078      0.375   0.636  0.491
2079      0.273   0.446  0.353
2080      0.553   0.698  0.622
2081      0.343   0.588  0.452
2082      0.276   0.611  0.416
2083      0.403   0.689  0.528
2084      0.242   0.529  0.365
2085      0.293   0.521  0.395
2086      0.392   0.546  0.464
2087      0.353   0.574  0.453
2088      0.261   0.536  0.380
2089      0.322   0.559  0.428
2090      0.363   0.604  0.471
2091      0.405   0.606  0.497
2092      0.405   0.599  0.494
2093      0.433   0.712  0.556
2094      0.330   0.603  0.450
2095      0.413   0.612  0.504
2096      0.433   0.627  0.522
2097      0.303   0.587  0.426
2098      0.294   0.583  0.419
2099      0.545   0.698  0.617
2100      0.402   0.663  0.518
2101      0.423   0.655  0.528
2102      0.516   0.678  0.592
2103      0.168   0.456  0.289
2104      0.275   0.541  0.391
2105      0.332   0.609  0.453
2106      0.321   0.566  0.430
2107      0.420   0.644  0.522
2108      0.361   0.547  0.447
2109      0.433   0.588  0.506
2110      0.285   0.520  0.389
2111      0.360   0.574  0.457
2112      0.430   0.629  0.522
2113      0.259   0.561  0.388
2114      0.377   0.586  0.472
2115      0.346   0.577  0.450
2116      0.350   0.620  0.469
2117      0.349   0.591  0.457
2118      0.384   0.610  0.486
2119      0.358   0.594  0.463
2120      0.494   0.668  0.575
2121      0.402   0.677  0.524
2122      0.344   0.598  0.456
2123      0.389   0.618  0.492
2124      0.346   0.555  0.441
2125      0.349   0.575  0.451
2126      0.333   0.586  0.445
2127      0.381   0.654  0.501
2128      0.391   0.626  0.497
2129      0.350   0.617  0.468
2130      0.308   0.599  0.434
2131      0.343   0.627  0.467
2132      0.413   0.640  0.516
2133      0.331   0.627  0.459
2134      0.374   0.694  0.511
2135      0.285   0.556  0.403
2136      0.275   0.511  0.380
2137      0.334   0.580  0.443
2138      0.368   0.633  0.485
2139      0.455   0.674  0.555
2140      0.362   0.602  0.469
2141      0.354   0.574  0.454
2142      0.365   0.616  0.477
2143      0.357   0.607  0.468
2144      0.386   0.605  0.486
2145      0.413   0.646  0.518
2146      0.286   0.591  0.416
2147      0.353   0.634  0.476
2148      0.436   0.641  0.530
2149      0.393   0.625  0.498
2150      0.349   0.614  0.465
2151      0.375   0.637  0.491
2152      0.277   0.544  0.393
2153      0.390   0.587  0.481
2154      0.352   0.639  0.477
2155      0.375   0.614  0.482
2156      0.314   0.564  0.425
2157      0.298   0.576  0.419
2158      0.290   0.597  0.421
2159      0.384   0.599  0.482
2160      0.300   0.546  0.409
2161      0.228   0.510  0.349
2162      0.427   0.648  0.527
2163      0.445   0.690  0.555
2164      0.373   0.599  0.475
2165      0.297   0.523  0.398
2166      0.347   0.623  0.468
2167      0.418   0.634  0.517
2168      0.519   0.617  0.567
2169      0.384   0.628  0.493
2170      0.370   0.607  0.476
2171      0.345   0.571  0.447
2172      0.458   0.649  0.546
2173      0.317   0.583  0.433
2174      0.269   0.528  0.382
2175      0.308   0.575  0.425
2176      0.344   0.608  0.460
2177      0.320   0.590  0.438
2178      0.284   0.561  0.404
2179      0.422   0.446  0.435
2180      0.467   0.736  0.587
2181      0.386   0.613  0.489
2182      0.284   0.603  0.419
2183      0.370   0.510  0.437
2184      0.283   0.590  0.414
2185      0.432   0.683  0.544
2186      0.363   0.591  0.466
2187      0.384   0.618  0.489
2188      0.362   0.647  0.486
2189      0.377   0.613  0.483
2190      0.307   0.583  0.427
2191      0.453   0.627  0.534
2192      0.298   0.520  0.398
2193      0.427   0.618  0.515
2194      0.321   0.568  0.430
2195      0.395   0.608  0.492
2196      0.342   0.631  0.468
2197      0.382   0.657  0.503
2198      0.397   0.630  0.502
2199      0.358   0.547  0.445
2200      0.376   0.587  0.472
2201      0.339   0.733  0.501
2202      0.472   0.678  0.567
2203      0.332   0.627  0.459
2204      0.289   0.573  0.412
2205      0.360   0.620  0.475
2206      0.439   0.674  0.545
2207      0.436   0.669  0.541
2208      0.430   0.647  0.528
2209      0.393   0.511  0.450
2210      0.339   0.575  0.445
2211      0.362   0.605  0.470
2212      0.272   0.496  0.372
2213      0.356   0.586  0.459
2214      0.383   0.617  0.488
2215      0.469   0.594  0.529
2216      0.268   0.552  0.390
2217      0.370   0.575  0.464
2218      0.456   0.632  0.538
2219      0.385   0.571  0.471
2220      0.404   0.655  0.516
2221      0.326   0.571  0.434
2222      0.415   0.663  0.526
2223      0.354   0.652  0.483
2224      0.395   0.605  0.491
2225      0.350   0.555  0.443
2226      0.385   0.608  0.486
2227      0.506   0.570  0.538
2228      0.432   0.614  0.516
2229      0.316   0.583  0.433
2230      0.360   0.595  0.466
2231      0.244   0.573  0.382
2232      0.435   0.574  0.501
2233      0.420   0.693  0.541
2234      0.370   0.605  0.475
2235      0.372   0.608  0.478
2236      0.319   0.510  0.407
2237      0.393   0.636  0.502
2238      0.398   0.698  0.528
2239      0.468   0.644  0.550
2240      0.359   0.625  0.476
2241      0.428   0.641  0.525
2242      0.403   0.627  0.505
2243      0.377   0.579  0.469
2244      0.531   0.604  0.567
2245      0.329   0.601  0.448
2246      0.387   0.577  0.475
2247      0.352   0.617  0.469
2248      0.431   0.642  0.527
2249      0.408   0.631  0.509
2250      0.346   0.554  0.441
2251      0.322   0.597  0.442
2252      0.389   0.630  0.497
2253      0.378   0.588  0.473
2254      0.353   0.571  0.452
2255      0.328   0.586  0.442
2256      0.433   0.614  0.517
2257      0.325   0.587  0.440
2258      0.425   0.597  0.505
2259      0.381   0.588  0.475
2260      0.397   0.601  0.490
2261      0.379   0.626  0.489
2262      0.383   0.652  0.502
2263      0.372   0.653  0.495
2264      0.359   0.649  0.485
2265      0.430   0.600  0.509
2266      0.437   0.712  0.558
2267      0.302   0.574  0.421
2268      0.370   0.584  0.467
2269      0.382   0.656  0.502
2270      0.383   0.599  0.481
2271      0.316   0.491  0.397
2272      0.419   0.650  0.523
2273      0.367   0.581  0.464
2274      0.332   0.553  0.431
2275      0.472   0.645  0.553
2276      0.362   0.589  0.464
2277      0.397   0.584  0.483
2278      0.396   0.670  0.517
2279      0.299   0.515  0.396
2280      0.266   0.585  0.401
2281      0.302   0.599  0.430
2282      0.337   0.615  0.458
2283      0.286   0.613  0.424
2284      0.326   0.610  0.449
2285      0.328   0.539  0.424
2286      0.270   0.540  0.387
2287      0.315   0.535  0.414
2288      0.379   0.643  0.496
2289      0.286   0.597  0.418
2290      0.385   0.642  0.499
2291      0.321   0.525  0.414
2292      0.428   0.569  0.495
2293      0.450   0.674  0.552
2294      0.368   0.622  0.481
2295      0.320   0.599  0.442
2296      0.264   0.570  0.394
2297      0.358   0.655  0.487
2298      0.371   0.613  0.479
2299      0.256   0.542  0.379
2300      0.383   0.648  0.500
2301      0.409   0.611  0.501
2302      0.441   0.712  0.561
2303      0.311   0.543  0.415
2304      0.389   0.668  0.512
2305      0.347   0.577  0.450
2306      0.339   0.544  0.432
2307      0.316   0.538  0.416
2308      0.402   0.619  0.501
2309      0.432   0.638  0.527
2310      0.474   0.693  0.574
2311      0.285   0.494  0.379
2312      0.329   0.608  0.451
2313      0.433   0.622  0.521
2314      0.392   0.640  0.503
2315      0.503   0.735  0.608
2316      0.352   0.613  0.467
2317      0.287   0.537  0.397
2318      0.441   0.550  0.494
2319      0.323   0.580  0.436
2320      0.341   0.635  0.469
2321      0.373   0.597  0.474
2322      0.368   0.651  0.492
2323      0.340   0.581  0.448
2324      0.376   0.639  0.492
2325      0.520   0.739  0.620
2326      0.322   0.598  0.442
2327      0.288   0.564  0.408
2328      0.347   0.610  0.463
2329      0.359   0.560  0.451
2330      0.427   0.686  0.542
2331      0.410   0.645  0.516
2332      0.395   0.649  0.508
2333      0.279   0.525  0.388
2334      0.346   0.554  0.441
2335      0.394   0.578  0.479
2336      0.329   0.638  0.462
2337      0.357   0.598  0.464
2338      0.199   0.501  0.326
2339      0.314   0.554  0.421
2340      0.391   0.637  0.501
2341      0.396   0.631  0.502
2342      0.345   0.568  0.446
2343      0.307   0.586  0.428
2344      0.384   0.591  0.479
2345      0.249   0.540  0.374
2346      0.335   0.484  0.405
2347      0.355   0.632  0.476
2348      0.293   0.586  0.419
2349      0.423   0.637  0.520
2350      0.474   0.629  0.547
2351      0.347   0.630  0.470
2352      0.305   0.612  0.437
2353      0.271   0.543  0.389
2354      0.403   0.686  0.527
2355      0.341   0.587  0.451
2356      0.321   0.603  0.444
2357      0.325   0.578  0.437
2358      0.322   0.578  0.435
2359      0.524   0.644  0.582
2360      0.455   0.700  0.565
2361      0.471   0.624  0.543
2362      0.414   0.624  0.510
2363      0.358   0.597  0.465
2364      0.360   0.628  0.478
2365      0.359   0.604  0.468
2366      0.317   0.598  0.439
2367      0.531   0.678  0.601
2368      0.308   0.550  0.416
2369      0.503   0.632  0.565
2370      0.431   0.514  0.472
2371      0.358   0.579  0.458
2372      0.307   0.556  0.417
2373      0.398   0.614  0.496
2374      0.508   0.648  0.574
2375      0.401   0.597  0.491
2376      0.325   0.548  0.425
2377      0.327   0.589  0.442
2378      0.383   0.610  0.486
2379      0.348   0.596  0.458
2380      0.413   0.670  0.528
2381      0.452   0.654  0.545
2382      0.319   0.603  0.442
2383      0.363   0.669  0.495
2384      0.420   0.634  0.518
2385      0.361   0.636  0.482
2386      0.337   0.599  0.453
2387      0.433   0.613  0.517
2388      0.368   0.605  0.474
2389      0.348   0.588  0.455
2390      0.384   0.623  0.491
2391      0.253   0.570  0.387
2392      0.509   0.642  0.573
2393      0.272   0.610  0.413
2394      0.297   0.538  0.404
2395      0.374   0.579  0.468
2396      0.372   0.597  0.474
2397      0.327   0.591  0.443
2398      0.357   0.620  0.473
2399      0.486   0.668  0.571
2400      0.376   0.635  0.491
2401      0.365   0.628  0.481
2402      0.306   0.590  0.429
2403      0.387   0.616  0.490
2404      0.478   0.700  0.579
2405      0.399   0.603  0.492
2406      0.450   0.680  0.554
2407      0.425   0.595  0.505
2408      0.356   0.580  0.457
2409      0.313   0.569  0.426
2410      0.384   0.654  0.503
2411      0.259   0.531  0.377
2412      0.345   0.599  0.457
2413      0.412   0.594  0.496
2414      0.436   0.643  0.530
2415      0.339   0.624  0.463
2416      0.314   0.577  0.430
2417      0.283   0.508  0.383
2418      0.423   0.601  0.506
2419      0.284   0.631  0.429
2420      0.367   0.624  0.481
2421      0.362   0.642  0.484
2422      0.369   0.599  0.472
2423      0.334   0.568  0.439
2424      0.360   0.622  0.476
2425      0.474   0.695  0.575
2426      0.453   0.656  0.546
2427      0.401   0.654  0.513
2428      0.328   0.592  0.444
2429      0.302   0.540  0.408
2430      0.429   0.623  0.518
2431      0.336   0.597  0.451
2432      0.381   0.576  0.470
2433      0.373   0.546  0.453
2434      0.439   0.671  0.544
2435      0.382   0.642  0.497
2436      0.433   0.647  0.531
2437      0.279   0.596  0.414
2438      0.351   0.632  0.474
2439      0.279   0.612  0.419
2440      0.297   0.567  0.415
2441      0.322   0.597  0.442
2442      0.355   0.595  0.462
2443      0.518   0.647  0.580
2444      0.299   0.530  0.402
2445      0.378   0.610  0.482
2446      0.449   0.734  0.575
2447      0.421   0.602  0.505
2448      0.360   0.620  0.475
2449      0.341   0.638  0.469
2450      0.319   0.558  0.425
2451      0.320   0.576  0.433
2452      0.356   0.533  0.438
2453      0.383   0.585  0.476
2454      0.324   0.561  0.430
2455      0.265   0.542  0.385
2456      0.381   0.621  0.489
2457      0.370   0.611  0.478
2458      0.303   0.514  0.398
2459      0.317   0.562  0.426
2460      0.519   0.636  0.576
2461      0.321   0.587  0.438
2462      0.285   0.516  0.388
2463      0.405   0.662  0.520
2464      0.382   0.637  0.495
2465      0.281   0.582  0.410
2466      0.323   0.572  0.433
2467      0.252   0.440  0.338
2468      0.290   0.612  0.426
2469      0.376   0.606  0.480
2470      0.347   0.591  0.456
2471      0.381   0.637  0.494
2472      0.384   0.599  0.482
2473      0.303   0.554  0.414
2474      0.261   0.539  0.381
2475      0.404   0.579  0.486
2476      0.442   0.677  0.548
2477      0.325   0.621  0.453
2478      0.384   0.594  0.480
2479      0.373   0.604  0.477
2480      0.352   0.559  0.446
2481      0.327   0.602  0.447
2482      0.353   0.579  0.455
2483      0.296   0.563  0.413
2484      0.305   0.569  0.421
2485      0.372   0.637  0.489
2486      0.369   0.598  0.472
2487      0.250   0.476  0.351
2488      0.320   0.545  0.421
2489      0.500   0.703  0.593
2490      0.354   0.603  0.464
2491      0.460   0.686  0.562
2492      0.424   0.646  0.525
2493      0.408   0.599  0.496
2494      0.452   0.700  0.563
2495      0.353   0.571  0.452
2496      0.345   0.595  0.456
2497      0.457   0.713  0.571
2498      0.383   0.649  0.500
2499      0.386   0.585  0.477
2500      0.357   0.613  0.471
2501      0.295   0.573  0.416
2502      0.240   0.542  0.368
2503      0.423   0.678  0.537
2504      0.411   0.620  0.506
2505      0.426   0.570  0.494
2506      0.363   0.636  0.483
2507      0.384   0.634  0.496
2508      0.331   0.644  0.465
2509      0.448   0.642  0.537
2510      0.547   0.628  0.587
2511      0.395   0.651  0.509
2512      0.373   0.617  0.482
2513      0.302   0.608  0.433
2514      0.293   0.624  0.433
2515      0.392   0.591  0.483
2516      0.312   0.605  0.439
2517      0.303   0.600  0.431
2518      0.280   0.485  0.372
2519      0.329   0.599  0.447
2520      0.279   0.559  0.400
2521      0.304   0.536  0.408
2522      0.415   0.658  0.524
2523      0.371   0.664  0.498
2524      0.503   0.680  0.586
2525      0.219   0.506  0.342
2526      0.405   0.618  0.502
2527      0.461   0.627  0.539
2528      0.372   0.660  0.498
2529      0.529   0.631  0.579
2530      0.342   0.623  0.465
2531      0.326   0.580  0.438
2532      0.307   0.554  0.416
2533      0.333   0.624  0.459
2534      0.426   0.685  0.542
2535      0.357   0.571  0.454
2536      0.350   0.598  0.460
2537      0.316   0.554  0.422
2538      0.389   0.647  0.504
2539      0.462   0.664  0.555
2540      0.381   0.615  0.486
2541      0.475   0.661  0.561
2542      0.338   0.543  0.431
2543      0.273   0.582  0.405
2544      0.399   0.613  0.496
2545      0.387   0.657  0.506
2546      0.330   0.579  0.440
2547      0.351   0.596  0.460
2548      0.371   0.637  0.489
2549      0.313   0.590  0.434
2550      0.394   0.625  0.498
2551      0.396   0.597  0.488
2552      0.415   0.639  0.516
2553      0.402   0.596  0.491
2554      0.434   0.645  0.530
2555      0.463   0.495  0.480
2556      0.446   0.664  0.545
2557      0.347   0.599  0.459
2558      0.325   0.601  0.445
2559      0.372   0.629  0.486
2560      0.422   0.651  0.525
2561      0.346   0.633  0.471
2562      0.339   0.626  0.464
2563      0.482   0.645  0.559
2564      0.313   0.566  0.424
2565      0.302   0.606  0.433
2566      0.393   0.542  0.463
2567      0.393   0.590  0.483
2568      0.298   0.615  0.433
2569      0.381   0.612  0.485
2570      0.332   0.665  0.473
2571      0.481   0.639  0.555
2572      0.479   0.686  0.574
2573      0.380   0.660  0.503
2574      0.444   0.682  0.552
2575      0.362   0.648  0.487
2576      0.385   0.597  0.482
2577      0.437   0.697  0.553
2578      0.334   0.567  0.438
2579      0.347   0.583  0.452
2580      0.308   0.565  0.421
2581      0.313   0.572  0.427
2582      0.309   0.583  0.429
2583      0.292   0.553  0.406
2584      0.321   0.618  0.449
2585      0.335   0.609  0.455
2586      0.392   0.638  0.502
2587      0.303   0.579  0.423
2588      0.323   0.615  0.450
2589      0.369   0.578  0.464
2590      0.342   0.587  0.451
2591      0.445   0.586  0.512
2592      0.384   0.607  0.485
2593      0.333   0.654  0.470
2594      0.428   0.633  0.522
2595      0.423   0.651  0.526
2596      0.338   0.601  0.454
2597      0.393   0.562  0.472
2598      0.385   0.559  0.466
2599      0.282   0.546  0.397
2600      0.381   0.573  0.469
2601      0.302   0.593  0.428
2602      0.312   0.628  0.447
2603      0.427   0.618  0.516
2604      0.481   0.655  0.562
2605      0.256   0.527  0.374
2606      0.358   0.587  0.461
2607      0.332   0.613  0.455
2608      0.343   0.564  0.443
2609      0.246   0.589  0.389
2610      0.274   0.564  0.398
2611      0.245   0.517  0.363
2612      0.381   0.639  0.496
2613      0.367   0.620  0.480
2614      0.324   0.543  0.422
2615      0.286   0.547  0.400
2616      0.382   0.626  0.491
2617      0.333   0.591  0.447
2618      0.338   0.600  0.454
2619      0.320   0.554  0.424
2620      0.382   0.620  0.489
2621      0.312   0.526  0.409
2622      0.251   0.521  0.368
2623      0.372   0.614  0.480
2624      0.314   0.569  0.426
2625      0.349   0.551  0.441
2626      0.471   0.660  0.558
2627      0.349   0.534  0.434
2628      0.340   0.582  0.448
2629      0.295   0.543  0.405
2630      0.276   0.483  0.369
2631      0.313   0.535  0.413
2632      0.362   0.605  0.470
2633      0.405   0.686  0.529
2634      0.379   0.596  0.477
2635      0.359   0.594  0.464
2636      0.313   0.554  0.420
2637      0.306   0.606  0.435
2638      0.417   0.573  0.491
2639      0.364   0.632  0.482
2640      0.297   0.575  0.418
2641      0.402   0.626  0.503
2642      0.310   0.588  0.431
2643      0.426   0.645  0.526
2644      0.327   0.529  0.419
2645      0.333   0.552  0.432
2646      0.321   0.578  0.434
2647      0.355   0.619  0.471
2648      0.368   0.593  0.469
2649      0.420   0.646  0.523
2650      0.345   0.622  0.466
2651      0.311   0.582  0.429
2652      0.274   0.587  0.407
2653      0.507   0.738  0.612
2654      0.359   0.669  0.493
2655      0.250   0.556  0.380
2656      0.329   0.579  0.440
2657      0.315   0.582  0.432
2658      0.368   0.596  0.471
2659      0.403   0.644  0.511
2660      0.394   0.692  0.524
2661      0.292   0.584  0.418
2662      0.478   0.728  0.590
2663      0.429   0.604  0.511
2664      0.369   0.588  0.468
2665      0.294   0.584  0.419
2666      0.379   0.638  0.494
2667      0.253   0.561  0.384
2668      0.477   0.648  0.557
2669      0.319   0.559  0.426
2670      0.269   0.521  0.380
2671      0.305   0.530  0.406
2672      0.520   0.608  0.564
2673      0.346   0.563  0.444
2674      0.383   0.664  0.507
2675      0.368   0.586  0.467
2676      0.367   0.641  0.487
2677      0.298   0.527  0.400
2678      0.394   0.588  0.483
2679      0.376   0.576  0.468
2680      0.593   0.686  0.639
2681      0.313   0.555  0.421
2682      0.381   0.674  0.509
2683      0.398   0.606  0.493
2684      0.301   0.576  0.421
2685      0.349   0.528  0.432
2686      0.454   0.582  0.515
2687      0.436   0.678  0.545
2688      0.269   0.589  0.404
2689      0.378   0.608  0.481
2690      0.264   0.534  0.381
2691      0.469   0.675  0.564
2692      0.318   0.606  0.443
2693      0.442   0.633  0.530
2694      0.403   0.631  0.506
2695      0.470   0.651  0.554
2696      0.356   0.654  0.485
2697      0.391   0.622  0.495
2698      0.355   0.595  0.462
2699      0.270   0.511  0.377
2700      0.386   0.663  0.508
2701      0.402   0.608  0.496
2702      0.334   0.653  0.470
2703      0.295   0.477  0.379
2704      0.472   0.587  0.528
2705      0.365   0.590  0.466
2706      0.379   0.632  0.492
2707      0.426   0.656  0.530
2708      0.397   0.604  0.491
2709      0.388   0.653  0.505
2710      0.361   0.574  0.458
2711      0.351   0.554  0.444
2712      0.336   0.599  0.452
2713      0.335   0.611  0.456
2714      0.352   0.568  0.450
2715      0.401   0.640  0.508
2716      0.353   0.594  0.460
2717      0.435   0.612  0.517
2718      0.435   0.651  0.533
2719      0.290   0.599  0.422
2720      0.317   0.491  0.397
2721      0.308   0.539  0.412
2722      0.323   0.607  0.447
2723      0.419   0.649  0.523
2724      0.361   0.542  0.445
2725      0.360   0.607  0.470
2726      0.355   0.633  0.477
2727      0.395   0.640  0.505
2728      0.317   0.572  0.429
2729      0.339   0.577  0.445
2730      0.424   0.582  0.498
2731      0.321   0.557  0.426
2732      0.366   0.616  0.477
2733      0.409   0.640  0.513
2734      0.461   0.611  0.532
2735      0.338   0.605  0.455
2736      0.492   0.544  0.518
2737      0.497   0.666  0.576
2738      0.469   0.665  0.560
2739      0.330   0.572  0.438
2740      0.488   0.738  0.600
2741      0.373   0.574  0.465
2742      0.576   0.639  0.608
2743      0.368   0.628  0.483
2744      0.309   0.556  0.418
2745      0.365   0.633  0.483
2746      0.349   0.549  0.440
2747      0.381   0.674  0.509
2748      0.445   0.693  0.556
2749      0.288   0.539  0.398
2750      0.354   0.570  0.452
2751      0.305   0.624  0.441
2752      0.391   0.651  0.507
2753      0.362   0.574  0.458
2754      0.525   0.733  0.621
2755      0.354   0.570  0.452
2756      0.348   0.582  0.452
2757      0.354   0.603  0.464
2758      0.397   0.702  0.530
2759      0.401   0.624  0.502
2760      0.230   0.478  0.339
2761      0.416   0.661  0.526
2762      0.383   0.589  0.477
2763      0.387   0.627  0.495
2764      0.308   0.610  0.438
2765      0.489   0.626  0.554
2766      0.329   0.606  0.450
2767      0.392   0.592  0.483
2768      0.469   0.703  0.575
2769      0.333   0.579  0.442
2770      0.437   0.646  0.533
2771      0.340   0.607  0.457
2772      0.329   0.603  0.448
2773      0.361   0.577  0.459
2774      0.276   0.528  0.387
2775      0.351   0.613  0.466
2776      0.319   0.604  0.443
2777      0.354   0.584  0.457
2778      0.445   0.627  0.530
2779      0.390   0.658  0.509
2780      0.422   0.629  0.517
2781      0.359   0.594  0.464
2782      0.314   0.566  0.425
2783      0.381   0.581  0.473
2784      0.364   0.593  0.467
2785      0.420   0.622  0.513
2786      0.450   0.644  0.539
2787      0.344   0.639  0.472
2788      0.320   0.611  0.446
2789      0.368   0.645  0.490
2790      0.350   0.585  0.455
2791      0.283   0.571  0.407
2792      0.392   0.644  0.504
2793      0.387   0.578  0.475
2794      0.472   0.645  0.553
2795      0.393   0.680  0.519
2796      0.356   0.643  0.481
2797      0.437   0.667  0.541
2798      0.198   0.502  0.326
2799      0.525   0.724  0.617
2800      0.251   0.572  0.386
2801      0.362   0.566  0.455
2802      0.354   0.509  0.427
2803      0.526   0.718  0.615
2804      0.282   0.548  0.398
2805      0.260   0.523  0.375
2806      0.360   0.590  0.463
2807      0.288   0.588  0.416
2808      0.434   0.651  0.533
2809      0.418   0.653  0.524
2810      0.400   0.636  0.506
2811      0.385   0.583  0.476
2812      0.315   0.609  0.442
2813      0.429   0.622  0.518
2814      0.394   0.627  0.499
2815      0.318   0.582  0.434
2816      0.348   0.621  0.468
2817      0.355   0.609  0.468
2818      0.329   0.632  0.460
2819      0.333   0.624  0.459
2820      0.415   0.631  0.513
2821      0.263   0.546  0.385
2822      0.358   0.612  0.470
2823      0.388   0.609  0.488
2824      0.271   0.565  0.397
2825      0.371   0.601  0.474
2826      0.297   0.536  0.403
2827      0.458   0.756  0.589
2828      0.442   0.707  0.560
2829      0.511   0.680  0.590
2830      0.340   0.612  0.459
2831      0.404   0.569  0.482
2832      0.508   0.704  0.599
2833      0.408   0.662  0.521
2834      0.321   0.602  0.443
2835      0.501   0.650  0.572
2836      0.317   0.594  0.438
2837      0.421   0.660  0.528
2838      0.314   0.567  0.426
2839      0.475   0.668  0.564
2840      0.355   0.645  0.482
2841      0.378   0.542  0.455
2842      0.438   0.654  0.537
2843      0.332   0.596  0.448
2844      0.482   0.634  0.553
2845      0.354   0.578  0.455
2846      0.327   0.634  0.459
2847      0.334   0.587  0.446
2848      0.340   0.599  0.454
2849      0.338   0.515  0.420
2850      0.468   0.665  0.559
2851      0.283   0.503  0.381
2852      0.311   0.541  0.414
2853      0.441   0.669  0.544
2854      0.253   0.530  0.373
2855      0.305   0.602  0.433
2856      0.429   0.657  0.532
2857      0.485   0.619  0.549
2858      0.394   0.631  0.500
2859      0.326   0.590  0.442
2860      0.293   0.573  0.415
2861      0.310   0.556  0.419
2862      0.304   0.593  0.429
2863      0.369   0.595  0.471
2864      0.405   0.621  0.503
2865      0.291   0.582  0.416
2866      0.449   0.734  0.575
2867      0.445   0.667  0.546
2868      0.364   0.599  0.469
2869      0.304   0.574  0.422
2870      0.384   0.591  0.479
2871      0.319   0.648  0.459
2872      0.464   0.716  0.577
2873      0.376   0.560  0.461
2874      0.460   0.686  0.562
2875      0.318   0.574  0.431
2876      0.376   0.655  0.498
2877      0.300   0.557  0.413
2878      0.301   0.603  0.430
2879      0.304   0.521  0.402
2880      0.255   0.570  0.388
2881      0.418   0.624  0.512
2882      0.450   0.662  0.547
2883      0.386   0.626  0.494
2884      0.340   0.597  0.454
2885      0.256   0.506  0.366
2886      0.328   0.576  0.438
2887      0.449   0.667  0.549
2888      0.453   0.671  0.552
2889      0.348   0.581  0.452
2890      0.376   0.609  0.481
2891      0.418   0.618  0.510
2892      0.344   0.623  0.466
2893      0.470   0.625  0.543
2894      0.286   0.545  0.399
2895      0.350   0.573  0.450
2896      0.381   0.598  0.479
2897      0.401   0.617  0.499
2898      0.409   0.605  0.499
2899      0.396   0.592  0.486
2900      0.616   0.619  0.619
2901      0.318   0.564  0.427
2902      0.401   0.552  0.472
2903      0.314   0.564  0.425
2904      0.475   0.704  0.579
2905      0.377   0.594  0.475
2906      0.331   0.570  0.438
2907      0.376   0.626  0.487
2908      0.338   0.597  0.452
2909      0.352   0.457  0.403
2910      0.347   0.606  0.461
2911      0.388   0.653  0.506
2912      0.384   0.664  0.507
2913      0.334   0.616  0.457
2914      0.363   0.665  0.494
2915      0.379   0.625  0.489
2916      0.289   0.553  0.405
2917      0.311   0.494  0.395
2918      0.393   0.603  0.489
2919      0.438   0.680  0.547
2920      0.375   0.611  0.481
2921      0.466   0.616  0.537
2922      0.451   0.675  0.552
2923      0.382   0.666  0.506
2924      0.492   0.620  0.553
2925      0.386   0.569  0.470
2926      0.266   0.513  0.375
2927      0.355   0.608  0.467
2928      0.364   0.615  0.476
2929      0.341   0.658  0.477
2930      0.393   0.660  0.511
2931      0.370   0.616  0.480
2932      0.259   0.491  0.362
2933      0.402   0.630  0.505
2934      0.280   0.610  0.419
2935      0.459   0.685  0.562
2936      0.354   0.636  0.477
2937      0.369   0.625  0.483
2938      0.373   0.606  0.477
2939      0.252   0.545  0.378
2940      0.409   0.601  0.497
2941      0.292   0.577  0.415
2942      0.447   0.658  0.544
2943      0.379   0.644  0.496
2944      0.323   0.553  0.426
2945      0.391   0.600  0.486
2946      0.269   0.579  0.401
2947      0.347   0.651  0.478
2948      0.315   0.629  0.449
2949      0.328   0.597  0.446
2950      0.277   0.578  0.405
2951      0.347   0.572  0.448
2952      0.462   0.696  0.568
2953      0.382   0.627  0.491
2954      0.338   0.515  0.420
2955      0.318   0.555  0.424
2956      0.377   0.543  0.454
2957      0.336   0.560  0.437
2958      0.296   0.503  0.390
2959      0.301   0.576  0.421
2960      0.324   0.601  0.445
2961      0.231   0.495  0.346
2962      0.271   0.548  0.391
2963      0.466   0.659  0.555
2964      0.489   0.690  0.582
2965      0.297   0.536  0.403
2966      0.500   0.676  0.582
2967      0.264   0.528  0.379
2968      0.319   0.577  0.433
2969      0.387   0.634  0.498
2970      0.299   0.613  0.433
2971      0.267   0.534  0.383
2972      0.292   0.608  0.427
2973      0.314   0.534  0.413
2974      0.357   0.590  0.461
2975      0.404   0.600  0.494
2976      0.414   0.601  0.500
2977      0.404   0.610  0.498
2978      0.325   0.563  0.431
2979      0.352   0.609  0.465
2980      0.370   0.639  0.489
2981      0.396   0.613  0.494
2982      0.488   0.650  0.564
2983      0.370   0.621  0.482
2984      0.418   0.660  0.527
2985      0.390   0.585  0.480
2986      0.352   0.508  0.425
2987      0.364   0.581  0.462
2988      0.326   0.548  0.426
2989      0.453   0.658  0.547
2990      0.377   0.543  0.455
2991      0.332   0.599  0.449
2992      0.282   0.569  0.406
2993      0.353   0.570  0.451
2994      0.387   0.664  0.509
2995      0.427   0.704  0.550
2996      0.425   0.634  0.520
2997      0.289   0.568  0.410
2998      0.363   0.620  0.477
2999      0.396   0.649  0.509
3000      0.400   0.655  0.513

===== Average Precision =====
0.37

===== Average Recall =====
0.607

===== Average F1 =====
0.476